/home/bingxing2/ailab/group/ai4astro/Datasets/Astro_SR/origin_fits/hst_14182_17_acs_wfc_f814w_jcwr17_drc.fits.gz:POLYGON ((195.12765052344193 28.076256763513243, 195.03184905418547 28.076256770137928, 195.03181134057417 28.160659503144938, 195.12768825208005 28.160659496496734, 195.12765052344193 28.076256763513243))
/home/bingxing2/ailab/group/ai4astro/Datasets/Astro_SR/origin_fits/hst_9771_86_acs_wfc_f814w_j8mq86_drc.fits.gz:POLYGON ((200.48379200885952 -45.09259984109026, 200.39945097160557 -45.09259984587844, 200.3994946163873 -45.03339153382958, 200.4837483506097 -45.033391529051286, 200.48379200885952 -45.09259984109026))
/home/bingxing2/ailab/group/ai4astro/Datasets/Astro_SR/origin_fits/hst_9822_6w_acs_wfc_f814w_j8pu6w_drc.fits.gz:POLYGON ((149.8983419623351 1.946694373847975, 149.82766230316832 1.9466943739840121, 149.82766084343422 2.0151249083902747, 149.8983434223376 2.0151249082494536, 149.8983419623351 1.946694373847975))
/home/bingxing2/ailab/group/ai4astro/Datasets/Astro_SR/origin_fits/hst_skycell-p1721x12y01_acs_wfc_f814w_all_drc.fits:POLYGON ((179.69134246454036 15.563898203052153, 179.62351679082047 15.56379338342131, 179.62337595124012 15.63052997689067, 179.69122699695194 15.630635279322663, 179.69134246454036 15.563898203052153))
/home/bingxing2/ailab/group/ai4astro/Datasets/Astro_SR/origin_fits/hst_skycell-p1935x09y14_acs_wfc_f814w_all_drc.fits.gz:POLYGON ((23.476707279123147 30.59373713681963, 23.274507644337742 30.59465059744357, 23.275721436919934 30.83851426089022, 23.478422171892404 30.837592001952665, 23.476707279123147 30.59373713681963))
/home/bingxing2/ailab/group/ai4astro/Datasets/Astro_SR/origin_fits/hst_14872_01_acs_wfc_f814w_jddd01_drc.fits.gz:POLYGON ((177.48378977435394 22.362877577946307, 177.39432532114336 22.362877570293655, 177.39429884592303 22.44508586443898, 177.48381623309146 22.445085872122878, 177.48378977435394 22.362877577946307))
/home/bingxing2/ailab/group/ai4astro/Datasets/Astro_SR/origin_fits/hst_13024_24_acs_wfc_f814w_jbz024_drc.fits.gz:POLYGON ((97.59927579812734 69.04941701519903, 97.39977691460102 69.04941702111272, 97.39945531733824 69.11990301618162, 97.5995974281879 69.11990301024609, 97.59927579812734 69.04941701519903))
/home/bingxing2/ailab/group/ai4astro/Datasets/Astro_SR/origin_fits/hst_15851_56_acs_wfc_f814w_je5656_drc.fits:POLYGON ((40.47900942247896 -8.442084668497047, 40.40192421390874 -8.442084666889182, 40.40193172674079 -8.366501361622289, 40.479001912854535 -8.366501363215555, 40.47900942247896 -8.442084668497047))
/home/bingxing2/ailab/group/ai4astro/Datasets/Astro_SR/origin_fits/hst_10402_01_acs_wfc_f814w_j96r01_drc.fits.gz:POLYGON ((49.37365451652475 -41.11522800123417, 49.263964971035435 -41.11522800598497, 49.264033887726335 -41.03256139147693, 49.373585587244065 -41.03256138673994, 49.37365451652475 -41.11522800123417))
/home/bingxing2/ailab/group/ai4astro/Datasets/Astro_SR/origin_fits/hst_9821_18_acs_wfc_f814w_j8on18_drc.fits.gz:POLYGON ((264.1172148874013 -44.76930394784593, 264.00991052419135 -44.76930395915426, 264.00998093891013 -44.69333178131287, 264.11714444097584 -44.6933317700345, 264.1172148874013 -44.76930394784593))
/home/bingxing2/ailab/group/ai4astro/Datasets/Astro_SR/origin_fits/hst_9476_28_acs_wfc_f814w_j8f628_drc.fits.gz:POLYGON ((165.9468089153134 -12.771988004100775, 165.88518703020972 -12.771988005195668, 165.88519420645318 -12.71296024116892, 165.94680173687007 -12.71296024007925, 165.9468089153134 -12.771988004100775))
/home/bingxing2/ailab/group/ai4astro/Datasets/Astro_SR/origin_fits/hst_10497_03_acs_wfc_f814w_j9cb03_drc.fits.gz:POLYGON ((50.55544552116825 -15.427409620559132, 50.490378848297595 -15.42740961723047, 50.490388494958395 -15.36572907757912, 50.555435881283664 -15.36572908089381, 50.55544552116825 -15.427409620559132))
/home/bingxing2/ailab/group/ai4astro/Datasets/Astro_SR/origin_fits/hst_10134_1e_acs_wfc_f814w_j90r1e_drc.fits.gz:POLYGON ((215.23979458942765 53.025586325171034, 215.0994413189695 53.025586334025064, 215.09930449132997 53.1094890337661, 215.23993144640298 53.10948902488503, 215.23979458942765 53.025586325171034))
/home/bingxing2/ailab/group/ai4astro/Datasets/Astro_SR/origin_fits/hst_skycell-p0858x05y18_acs_wfc_f814w_all_drc.fits.gz:POLYGON ((267.3283157093253 -20.444367479683034, 267.1229769144341 -20.446140746263374, 267.1211509267208 -20.260206340067064, 267.3262238185476 -20.258450959277916, 267.3283157093253 -20.444367479683034))
/home/bingxing2/ailab/group/ai4astro/Datasets/Astro_SR/origin_fits/hst_12063_fe_acs_wfc_f814w_jbeofe_drc.fits.gz:POLYGON ((215.37180983026482 53.08255364845592, 215.2517574684292 53.08255366261507, 215.25165642789528 53.15487305772167, 215.37191091818192 53.15487304352524, 215.37180983026482 53.08255364845592))
/home/bingxing2/ailab/group/ai4astro/Datasets/Astro_SR/origin_fits/hst_skycell-p1094x04y03_acs_wfc_f814w_all_drc.fits.gz:POLYGON ((163.62192890651718 -11.840471128086996, 163.52231831522798 -11.841090836460495, 163.5219676173008 -11.775430509422396, 163.62155797896853 -11.774814291692637, 163.62192890651718 -11.840471128086996))
/home/bingxing2/ailab/group/ai4astro/Datasets/Astro_SR/origin_fits/hst_9018_32_acs_wfc_f814w_j8c032_drc.fits.gz:POLYGON ((5.833675157408098 -72.12055662479797, 5.491672312161068 -72.12055661536, 5.492650308775389 -72.0142098946319, 5.832697222688946 -72.01420990401026, 5.833675157408098 -72.12055662479797))
/home/bingxing2/ailab/group/ai4astro/Datasets/Astro_SR/origin_fits/hst_15444_bc_acs_wfc_f814w_jdrwbc_drc.fits:POLYGON ((229.96597003478476 65.55349121767529, 229.81541662201667 65.55349118661005, 229.81523487222313 65.61618557051352, 229.96615163310906 65.61618560166922, 229.96597003478476 65.55349121767529))
/home/bingxing2/ailab/group/ai4astro/Datasets/Astro_SR/origin_fits/hst_skycell-p0403x05y20_acs_wfc_f814w_all_drc.fits.gz:POLYGON ((272.1448065432546 -43.827785766488894, 271.8830917472429 -43.83238347647929, 271.8793085906324 -43.71682043117903, 272.14049851798006 -43.71224195875946, 272.1448065432546 -43.827785766488894))
/home/bingxing2/ailab/group/ai4astro/Datasets/Astro_SR/origin_fits/hst_9468_9j_acs_wfc_f814w_j8hq9j_drc.fits.gz:POLYGON ((192.59634574078493 39.97592400539132, 192.51018299159622 39.975924011015614, 192.51014150876497 40.04163231856113, 192.59638723824798 40.041632312923724, 192.59634574078493 39.97592400539132))
/home/bingxing2/ailab/group/ai4astro/Datasets/Astro_SR/origin_fits/hst_12209_38_acs_wfc_f814w_jbiv38_drc.fits.gz:POLYGON ((243.87813434693086 20.895141191342603, 243.79216086445626 20.89514118976018, 243.7921378387783 20.975335598526875, 243.87815736921846 20.975335600115944, 243.87813434693086 20.895141191342603))
/home/bingxing2/ailab/group/ai4astro/Datasets/Astro_SR/origin_fits/hst_skycell-p0248x08y10_acs_wfc_f814w_all_drc.fits.gz:POLYGON ((53.78705658852871 -54.138837943487566, 53.68786028323464 -54.139967403051166, 53.68678393192817 -54.106221011523765, 53.78589967277853 -54.10509294893902, 53.78705658852871 -54.138837943487566))
/home/bingxing2/ailab/group/ai4astro/Datasets/Astro_SR/origin_fits/hst_skycell-p1863x11y14_acs_wfc_f814w_all_drc.fits.gz:POLYGON ((65.75006687755155 26.7385770088082, 65.71396480512314 26.738546211230204, 65.7138915705481 26.79970166884184, 65.75001256942626 26.79973254738941, 65.75006687755155 26.7385770088082))
/home/bingxing2/ailab/group/ai4astro/Datasets/Astro_SR/origin_fits/hst_skycell-p1244x05y12_acs_wfc_f814w_all_drc.fits:POLYGON ((49.548897369578675 -1.7025695998303416, 49.47931616404874 -1.7026242209370412, 49.479256516709285 -1.6364484926708207, 49.5488349193359 -1.6363959963935828, 49.548897369578675 -1.7025695998303416))
/home/bingxing2/ailab/group/ai4astro/Datasets/Astro_SR/origin_fits/hst_skycell-p1313x12y15_acs_wfc_f814w_all_drc.fits.gz:POLYGON ((323.839303213401 -1.0849624241836997, 323.7601000936822 -1.084957182316057, 323.76011116020175 -1.009245469362731, 323.83931062634923 -1.0092503451435884, 323.839303213401 -1.0849624241836997))
/home/bingxing2/ailab/group/ai4astro/Datasets/Astro_SR/origin_fits/hst_skycell-p2409x04y18_acs_wfc_f814w_all_drc.fits.gz:POLYGON ((39.252242699599584 59.61089243297756, 39.0495930914777 59.61576021715162, 39.05918773486921 59.72282796024945, 39.26247225209478 59.71793980891577, 39.252242699599584 59.61089243297756))
/home/bingxing2/ailab/group/ai4astro/Datasets/Astro_SR/origin_fits/hst_16720_48_acs_wfc_f814w_jeom48_drc.fits:POLYGON ((209.38742107086335 -10.855122152921393, 209.32692187638887 -10.855122150698266, 209.32692783453498 -10.79612216413907, 209.38741511719977 -10.79612216634982, 209.38742107086335 -10.855122152921393))
/home/bingxing2/ailab/group/ai4astro/Datasets/Astro_SR/origin_fits/hst_skycell-p1320x16y15_acs_wfc_f814w_all_drc.fits:POLYGON ((350.8792515017176 -1.0523739313544251, 350.6842003174167 -1.0522977636437947, 350.6842783152455 -0.9549973306731545, 350.87931794373617 -0.9550664501043007, 350.8792515017176 -1.0523739313544251))
/home/bingxing2/ailab/group/ai4astro/Datasets/Astro_SR/origin_fits/hst_16048_06_acs_wfc_f814w_je8406_drc.fits:POLYGON ((151.35781203365505 37.340033059364906, 151.25491845785578 37.340033065280345, 151.2548622558932 37.42192190719086, 151.35786825054373 37.42192190125785, 151.35781203365505 37.340033059364906))
/home/bingxing2/ailab/group/ai4astro/Datasets/Astro_SR/origin_fits/hst_skycell-p2196x16y06_acs_wfc_f814w_all_drc.fits.gz:POLYGON ((205.05679897306956 40.70699044265342, 204.91628738828584 40.70519071331339, 204.91467864069654 40.77228900424451, 205.0553355349943 40.77409309335555, 205.05679897306956 40.70699044265342))
/home/bingxing2/ailab/group/ai4astro/Datasets/Astro_SR/origin_fits/hst_skycell-p1980x19y14_acs_wfc_f814w_all_drc.fits:POLYGON ((225.76823051922494 30.81681510119369, 225.72424651565566 30.81610489343574, 225.72411689093042 30.82211064788294, 225.76810357419632 30.82282102268651, 225.76823051922494 30.81681510119369))
/home/bingxing2/ailab/group/ai4astro/Datasets/Astro_SR/origin_fits/hst_14038_01_acs_wfc_f814w_jcsz01_drc.fits.gz:POLYGON ((40.005759994477124 -1.6146552228200164, 39.93103590610603 -1.6146552227652522, 39.93103722860889 -1.5410302485503706, 40.00575867207973 -1.5410302486026182, 40.005759994477124 -1.6146552228200164))
/home/bingxing2/ailab/group/ai4astro/Datasets/Astro_SR/origin_fits/hst_17065_10_acs_wfc_f814w_jf0w10_drc.fits.gz:POLYGON ((10.442069427637481 -49.637659030093225, 10.322979419663465 -49.637659031542064, 10.323075294423507 -49.55907575289416, 10.44197354832857 -49.55907575144937, 10.442069427637481 -49.637659030093225))
/home/bingxing2/ailab/group/ai4astro/Datasets/Astro_SR/origin_fits/hst_15936_06_acs_wfc_f814w_je4m06_drc.fits:POLYGON ((64.1378959057535 -24.19270423835765, 64.06193257511417 -24.192704233838096, 64.061953090976 -24.1237042573371, 64.13787539974086 -24.123704261842104, 64.1378959057535 -24.19270423835765))
/home/bingxing2/ailab/group/ai4astro/Datasets/Astro_SR/origin_fits/hst_12918_01_acs_wfc_f814w_jc1g01_drc.fits.gz:POLYGON ((195.29088497146702 27.988848483333296, 195.2004617891333 27.988848474629137, 195.2004284179952 28.068237326067468, 195.29091832296416 28.06823733480076, 195.29088497146702 27.988848483333296))
/home/bingxing2/ailab/group/ai4astro/Datasets/Astro_SR/origin_fits/hst_16198_09_acs_wfc_f814w_jebi09_drc.fits:POLYGON ((184.83226180241834 47.22711209969826, 184.69179694423002 47.22711207758604, 184.69167028965376 47.3224314282686, 184.8323883917521 47.322431450454744, 184.83226180241834 47.22711209969826))
/home/bingxing2/ailab/group/ai4astro/Datasets/Astro_SR/origin_fits/hst_skycell-p1966x05y03_acs_wfc_f814w_all_drc.fits.gz:POLYGON ((165.80250849621146 27.964646798148024, 165.75595376973686 27.965228703360264, 165.7584936931488 28.11567456067419, 165.80511767324452 28.115088856580087, 165.80250849621146 27.964646798148024))
/home/bingxing2/ailab/group/ai4astro/Datasets/Astro_SR/origin_fits/hst_skycell-p1357x11y07_acs_wfc_f814w_all_drc.fits:POLYGON ((140.0046891584464 1.0943532057350354, 139.92945153555172 1.094352380022688, 139.92944859121306 1.1628475851279914, 140.00468935414852 1.1628484625671405, 140.0046891584464 1.0943532057350354))
/home/bingxing2/ailab/group/ai4astro/Datasets/Astro_SR/origin_fits/hst_10595_07_acs_wfc_f814w_j9es07_drc.fits.gz:POLYGON ((74.86853417634697 -66.04015010554197, 74.6645254047657 -66.04015009927181, 74.6648569134645 -65.95710857832692, 74.86820269849014 -65.9571085845727, 74.86853417634697 -66.04015010554197))
/home/bingxing2/ailab/group/ai4astro/Datasets/Astro_SR/origin_fits/hst_skycell-p2159x14y13_acs_wfc_f814w_all_drc.fits.gz:POLYGON ((9.740497288488982 42.35421730056613, 9.640533046521165 42.35343744653745, 9.639655892656586 42.41194904077714, 9.73971262873689 42.412730485173434, 9.740497288488982 42.35421730056613))
/home/bingxing2/ailab/group/ai4astro/Datasets/Astro_SR/origin_fits/hst_9822_2c_acs_wfc_f814w_j8pu2c_drc.fits.gz:POLYGON ((150.37026195486058 1.863412258043019, 150.29957181656064 1.863412258118817, 150.29957041827163 1.931828903638956, 150.3702633532992 1.9318289035603708, 150.37026195486058 1.863412258043019))
/home/bingxing2/ailab/group/ai4astro/Datasets/Astro_SR/origin_fits/hst_16796_33_acs_wfc_f814w_jepr33_drc.fits:POLYGON ((10.608705192128177 41.00619375590966, 10.506227922762127 41.00619374567922, 10.506168181130443 41.08286037020042, 10.608764906828087 41.082860380458555, 10.608705192128177 41.00619375590966))
/home/bingxing2/ailab/group/ai4astro/Datasets/Astro_SR/origin_fits/hst_skycell-p2462x03y18_acs_wfc_f814w_all_drc.fits.gz:POLYGON ((68.12403966956637 63.5794722925806, 68.0032361934239 63.582892004331306, 68.01402856002674 63.66039528050298, 68.1351554830571 63.65696420104013, 68.12403966956637 63.5794722925806))
/home/bingxing2/ailab/group/ai4astro/Datasets/Astro_SR/origin_fits/hst_13739_06_acs_wfc_f814w_jcnb06_drc.fits.gz:POLYGON ((11.476073120359771 38.001428504353186, 11.379220500117741 38.00142850831814, 11.379169872047196 38.07795624736152, 11.476123758540368 38.07795624338563, 11.476073120359771 38.001428504353186))
/home/bingxing2/ailab/group/ai4astro/Datasets/Astro_SR/origin_fits/hst_15901_03_acs_wfc_f814w_je4l03_drc.fits:POLYGON ((344.58785924793693 5.975349163517041, 344.5181192447198 5.975349163704358, 344.51811482368015 6.044349142586265, 344.58786366935345 6.044349142396778, 344.58785924793693 5.975349163517041))
/home/bingxing2/ailab/group/ai4astro/Datasets/Astro_SR/origin_fits/hst_skycell-p2631x17y02_acs_wfc_f814w_all_drc.fits:POLYGON ((280.6346528082419 79.73398612883749, 280.40400144895835 79.72867356946423, 280.33518256196663 79.82071127123328, 280.5678759644298 79.82607357885006, 280.6346528082419 79.73398612883749))
/home/bingxing2/ailab/group/ai4astro/Datasets/Astro_SR/origin_fits/hst_10092_9a_acs_wfc_f814w_j8xi9a_drc.fits.gz:POLYGON ((149.6392671972796 2.316340859600921, 149.56855666408012 2.3163408596937387, 149.5685549311945 2.3847575052062338, 149.63926893034784 2.3847575051106635, 149.6392671972796 2.316340859600921))
/home/bingxing2/ailab/group/ai4astro/Datasets/Astro_SR/origin_fits/hst_10520_05_acs_wfc_f814w_j9gz05_drc.fits.gz:POLYGON ((152.13754732052814 12.258871080640178, 152.0512604208589 12.258871077276146, 152.05124657733268 12.34314881594611, 152.1375611571472 12.343148819333985, 152.13754732052814 12.258871080640178))
/home/bingxing2/ailab/group/ai4astro/Datasets/Astro_SR/origin_fits/hst_9750_25_acs_wfc_f814w_j8q625_drc.fits.gz:POLYGON ((269.7867433873285 -29.229013260883487, 269.7192625016256 -29.229013255240737, 269.71928176014507 -29.170499381584275, 269.78672414163975 -29.170499387213518, 269.7867433873285 -29.229013260883487))
/home/bingxing2/ailab/group/ai4astro/Datasets/Astro_SR/origin_fits/hst_skycell-p1080x14y20_acs_wfc_f814w_all_drc.fits.gz:POLYGON ((104.53215530741137 -7.965425501802346, 104.49074251760196 -7.965360319405559, 104.49082150264259 -7.927300814604719, 104.53222946735491 -7.9273656784423805, 104.53215530741137 -7.965425501802346))
/home/bingxing2/ailab/group/ai4astro/Datasets/Astro_SR/origin_fits/hst_13324_05_acs_wfc_f814w_jc8a05_drc.fits.gz:POLYGON ((183.55101160910323 7.092436597756162, 183.48423679399835 7.0924365963908125, 183.48423199369543 7.1583115779418245, 183.55101640665745 7.158311579319979, 183.55101160910323 7.092436597756162))
/home/bingxing2/ailab/group/ai4astro/Datasets/Astro_SR/origin_fits/hst_skycell-p1416x10y01_acs_wfc_f814w_all_drc.fits:POLYGON ((16.537508439640263 3.533334012903143, 16.52072602772327 3.5333403072211933, 16.520771982643286 3.6070063443437737, 16.537556656456605 3.606999917751506, 16.537508439640263 3.533334012903143))
/home/bingxing2/ailab/group/ai4astro/Datasets/Astro_SR/origin_fits/hst_15670_02_acs_wfc_f814w_jdyb02_drc.fits:POLYGON ((259.32614617966607 29.485833111308665, 259.23644447895833 29.485833107506185, 259.2364102702151 29.562958072206804, 259.32618037976306 29.56295807602126, 259.32614617966607 29.485833111308665))
/home/bingxing2/ailab/group/ai4astro/Datasets/Astro_SR/origin_fits/hst_skycell-p1313x18y13_acs_wfc_f814w_all_drc.fits:POLYGON ((322.33636288822805 -1.475381618049206, 322.26422770196996 -1.4753265236919688, 322.2643070861232 -1.4002571153293266, 322.3364389771261 -1.4003094038176447, 322.33636288822805 -1.475381618049206))
/home/bingxing2/ailab/group/ai4astro/Datasets/Astro_SR/origin_fits/hst_skycell-p0365x13y05_acs_wfc_f814w_all_drc.fits.gz:POLYGON ((55.671975474790145 -47.31942397243666, 55.58254947504165 -47.318939567305776, 55.582752206656515 -47.30253815603724, 55.67215104809553 -47.30302228936197, 55.671975474790145 -47.31942397243666))
/home/bingxing2/ailab/group/ai4astro/Datasets/Astro_SR/origin_fits/hst_skycell-p2375x04y07_acs_wfc_f814w_all_drc.fits.gz:POLYGON ((173.14347399962875 52.900452551381356, 173.08802653418707 52.901819737330115, 173.1013651558843 53.096885457125964, 173.15706620357406 53.09550839472236, 173.14347399962875 52.900452551381356))
/home/bingxing2/ailab/group/ai4astro/Datasets/Astro_SR/origin_fits/hst_skycell-p2161x12y10_acs_wfc_f814w_all_drc.fits.gz:POLYGON ((20.779456467566863 41.86496105044398, 20.723658842821372 41.86475538318354, 20.723510548378602 41.885632409470496, 20.77932644542053 41.88583822788629, 20.779456467566863 41.86496105044398))
/home/bingxing2/ailab/group/ai4astro/Datasets/Astro_SR/origin_fits/hst_12911_30_acs_wfc_f814w_jc0530_drc.fits.gz:POLYGON ((246.04470752256208 -26.60884598804684, 245.97132402194498 -26.608845981980018, 245.9713449345744 -26.543568224649558, 246.04468662341174 -26.54356823069912, 246.04470752256208 -26.60884598804684))
/home/bingxing2/ailab/group/ai4astro/Datasets/Astro_SR/origin_fits/hst_12193_05_acs_wfc_f814w_jbkh05_drc.fits.gz:POLYGON ((287.8599977746792 -60.12045598722072, 287.7002211946861 -60.12045594907527, 287.70041278751194 -60.04131714957197, 287.85980633368547 -60.04131718759575, 287.8599977746792 -60.12045598722072))
/home/bingxing2/ailab/group/ai4astro/Datasets/Astro_SR/origin_fits/hst_skycell-p1632x08y12_acs_wfc_f814w_all_drc.fits:POLYGON ((172.6779847294684 14.121851010015641, 172.66954249820475 14.121880840791606, 172.66976810210852 14.182729240858384, 172.67821256982853 14.182699276325462, 172.6779847294684 14.121851010015641))
/home/bingxing2/ailab/group/ai4astro/Datasets/Astro_SR/origin_fits/hst_12063_f3_acs_wfc_f814w_jbeof3_drc.fits.gz:POLYGON ((215.2027104222505 52.96919202836058, 215.09318956076694 52.96919202953204, 215.09310555307056 53.035372547458, 215.202794433858 53.03537254628372, 215.2027104222505 52.96919202836058))
/home/bingxing2/ailab/group/ai4astro/Datasets/Astro_SR/origin_fits/hst_skycell-p2381x08y10_acs_wfc_f814w_all_drc.fits.gz:POLYGON ((210.83435955728916 53.63468254148692, 210.732493006265 53.63581079627427, 210.73995806709473 53.87965615998038, 210.84241921892038 53.878517750140865, 210.83435955728916 53.63468254148692))
/home/bingxing2/ailab/group/ai4astro/Datasets/Astro_SR/origin_fits/hst_skycell-p1102x14y02_acs_wfc_f814w_all_drc.fits:POLYGON ((193.54190553431766 -12.145671175250849, 193.46478630865317 -12.14549011837136, 193.4649337465068 -12.07684398686446, 193.54203655606304 -12.077024005279432, 193.54190553431766 -12.145671175250849))
/home/bingxing2/ailab/group/ai4astro/Datasets/Astro_SR/origin_fits/hst_9765_39_acs_wfc_f814w_j8r339_drc.fits.gz:POLYGON ((313.1271719537812 -69.24697402289473, 312.90042041843327 -69.24697405058915, 312.90083610283847 -69.16704366385169, 313.1267561144837 -69.16704363627342, 313.1271719537812 -69.24697402289473))
/home/bingxing2/ailab/group/ai4astro/Datasets/Astro_SR/origin_fits/hst_skycell-p1360x20y13_acs_wfc_f814w_all_drc.fits.gz:POLYGON ((149.97411335876606 2.3558680335553817, 149.85965895020308 2.3556970566491, 149.85934094756627 2.5994206767411603, 149.97381233210564 2.5996093528899356, 149.97411335876606 2.3558680335553817))
/home/bingxing2/ailab/group/ai4astro/Datasets/Astro_SR/origin_fits/hst_16800_17_acs_wfc_f814w_jepv17_drc.fits:POLYGON ((10.064123776995903 40.68930507867552, 9.96202549180658 40.68930507612449, 9.961966600253481 40.76602725639164, 10.064182661867813 40.766027258949585, 10.064123776995903 40.68930507867552))
/home/bingxing2/ailab/group/ai4astro/Datasets/Astro_SR/origin_fits/hst_skycell-p1547x06y18_acs_wfc_f814w_all_drc.fits:POLYGON ((187.31504149975996 11.562675809214175, 187.15543556103515 11.563314741411986, 187.15619881211404 11.789823922374312, 187.31591664883092 11.789172268491724, 187.31504149975996 11.562675809214175))
/home/bingxing2/ailab/group/ai4astro/Datasets/Astro_SR/origin_fits/hst_skycell-p1770x02y12_acs_wfc_f814w_all_drc.fits:POLYGON ((27.920628508689248 22.26436162517451, 27.89555789953837 22.26469837619668, 27.896464811257996 22.323531922300987, 27.921545823551522 22.323194188428648, 27.920628508689248 22.26436162517451))
/home/bingxing2/ailab/group/ai4astro/Datasets/Astro_SR/origin_fits/hst_skycell-p0857x18y03_acs_wfc_f814w_all_drc.fits.gz:POLYGON ((259.6156065687518 -23.823704240985595, 259.47074162827164 -23.821942222347136, 259.47149246739167 -23.76828184908623, 259.6163019284361 -23.770039507110106, 259.6156065687518 -23.823704240985595))
/home/bingxing2/ailab/group/ai4astro/Datasets/Astro_SR/origin_fits/hst_skycell-p2373x06y03_acs_wfc_f814w_all_drc.fits.gz:POLYGON ((158.9424235805739 51.96122253184092, 158.82057603869936 51.96307115695097, 158.82351752409468 52.037102589896875, 158.94557200107582 52.03524886877086, 158.9424235805739 51.96122253184092))
/home/bingxing2/ailab/group/ai4astro/Datasets/Astro_SR/origin_fits/hst_12546_95_acs_wfc_f814w_jbt195_drc.fits.gz:POLYGON ((335.70272312961345 -48.433267722514955, 335.57783677703895 -48.433267721195804, 335.57793861824126 -48.35021222943011, 335.7026212923878 -48.35021223074542, 335.70272312961345 -48.433267722514955))
/home/bingxing2/ailab/group/ai4astro/Datasets/Astro_SR/origin_fits/hst_10092_3x_acs_wfc_f814w_j8xi3x_drc.fits.gz:POLYGON ((150.72185619341187 2.0178971115798374, 150.65115959658058 2.017897110929527, 150.65115808380415 2.086299867553531, 150.72185770490697 2.086299868225891, 150.72185619341187 2.0178971115798374))
/home/bingxing2/ailab/group/ai4astro/Datasets/Astro_SR/origin_fits/hst_13739_27_acs_wfc_f814w_jcnb27_drc.fits.gz:POLYGON ((18.625414988705963 38.07944838260375, 18.529235476114657 38.07944838313323, 18.52918544849723 38.155378900803655, 18.625465017675197 38.15537890027274, 18.625414988705963 38.07944838260375))
/home/bingxing2/ailab/group/ai4astro/Datasets/Astro_SR/origin_fits/hst_skycell-p0308x16y13_acs_wfc_f814w_all_drc.fits.gz:POLYGON ((76.34604011821824 -49.59773307243224, 76.2774449190045 -49.59673516688092, 76.28023574529038 -49.51807537586183, 76.348719934617 -49.519070489675535, 76.34604011821824 -49.59773307243224))
/home/bingxing2/ailab/group/ai4astro/Datasets/Astro_SR/origin_fits/hst_skycell-p1055x08y09_acs_wfc_f814w_all_drc.fits.gz:POLYGON ((4.752949270953537 -10.406338177046507, 4.676142406454033 -10.406497654476745, 4.676034683777702 -10.351103441261621, 4.752828442658125 -10.350944829512144, 4.752949270953537 -10.406338177046507))
/home/bingxing2/ailab/group/ai4astro/Datasets/Astro_SR/origin_fits/hst_9891_66_acs_wfc_f814w_j8ne66_drc.fits.gz:POLYGON ((81.98065184916736 -70.77919620644742, 81.74928951165433 -70.77919616815426, 81.74972757890195 -70.70326577796959, 81.98021401290241 -70.70326581610017, 81.98065184916736 -70.77919620644742))
/home/bingxing2/ailab/group/ai4astro/Datasets/Astro_SR/origin_fits/hst_10587_86_acs_wfc_f814w_j9em86_drc.fits.gz:POLYGON ((157.46744611190329 61.22033746570451, 157.3202034661046 61.22033744660427, 157.3200374950391 61.291087379048655, 157.46761200357312 61.29108739820493, 157.46744611190329 61.22033746570451))
/home/bingxing2/ailab/group/ai4astro/Datasets/Astro_SR/origin_fits/hst_13364_31_acs_wfc_f814w_jcdm31_drc.fits.gz:POLYGON ((231.8425388436404 64.6943825849167, 231.65339887269224 64.69438256742644, 231.65311473571782 64.77549355414035, 231.842822898238 64.7754935716949, 231.8425388436404 64.6943825849167))
/home/bingxing2/ailab/group/ai4astro/Datasets/Astro_SR/origin_fits/hst_13357_01_acs_wfc_f814w_jcc301_drc.fits.gz:POLYGON ((27.456454165189925 32.59574109428498, 27.37300471012498 32.59574109756233, 27.372971821837748 32.66625495884315, 27.45648706129393 32.666254955556916, 27.456454165189925 32.59574109428498))
/home/bingxing2/ailab/group/ai4astro/Datasets/Astro_SR/origin_fits/hst_skycell-p2314x13y10_acs_wfc_f814w_all_drc.fits:POLYGON ((149.2262558844916 49.68758117455682, 149.1102795356028 49.68675057433311, 149.10879238376853 49.76749453270134, 149.22496253424873 49.76832752068203, 149.2262558844916 49.68758117455682))
/home/bingxing2/ailab/group/ai4astro/Datasets/Astro_SR/origin_fits/hst_skycell-p0448x15y08_acs_wfc_f814w_all_drc.fits.gz:POLYGON ((152.39262871153596 -42.82819607700396, 152.38242166238305 -42.82809464411178, 152.38339447012618 -42.77479353047806, 152.3935928668352 -42.774894776921194, 152.39262871153596 -42.82819607700396))
/home/bingxing2/ailab/group/ai4astro/Datasets/Astro_SR/origin_fits/hst_skycell-p1728x08y02_acs_wfc_f814w_all_drc.fits:POLYGON ((210.01599642848993 15.926841882982991, 209.9342999027497 15.927095048431404, 209.9344892962843 15.98047920178954, 210.01621030051083 15.980225125299281, 210.01599642848993 15.926841882982991))
/home/bingxing2/ailab/group/ai4astro/Datasets/Astro_SR/origin_fits/hst_10092_92_acs_wfc_f814w_j8xi92_drc.fits.gz:POLYGON ((149.61434408465027 2.4823260198709542, 149.54363886957574 2.482326020275325, 149.54363701498647 2.5507287769126394, 149.61434594003427 2.5507287764971, 149.61434408465027 2.4823260198709542))
/home/bingxing2/ailab/group/ai4astro/Datasets/Astro_SR/origin_fits/hst_skycell-p0927x16y14_acs_wfc_f814w_all_drc.fits:POLYGON ((195.58872704451122 -17.269424647407135, 195.5044804789504 -17.26892539640163, 195.50499610597873 -17.19525588468373, 195.58920765080146 -17.195752855062004, 195.58872704451122 -17.269424647407135))
/home/bingxing2/ailab/group/ai4astro/Datasets/Astro_SR/origin_fits/hst_16730_52_acs_wfc_f814w_jeq452_drc.fits:POLYGON ((4.993308929284723 42.60143538789538, 4.910928119394624 42.60143537774035, 4.910888185197761 42.66172702323748, 4.993348836005201 42.66172703341397, 4.993308929284723 42.60143538789538))
/home/bingxing2/ailab/group/ai4astro/Datasets/Astro_SR/origin_fits/hst_10918_10_acs_wfc_f814w_j9o410_drc.fits.gz:POLYGON ((210.94186442102466 54.32023032432299, 210.8096322818938 54.32023030446073, 210.80950827815695 54.39718857486137, 210.94198835664025 54.39718859478004, 210.94186442102466 54.32023032432299))
/home/bingxing2/ailab/group/ai4astro/Datasets/Astro_SR/origin_fits/hst_9468_a8_acs_wfc_f814w_j8hqa8_drc.fits.gz:POLYGON ((189.18921370217942 62.28932419567121, 189.03497470326167 62.289324194906406, 189.03479112437373 62.36076856522103, 189.18939727778178 62.36076856598818, 189.18921370217942 62.28932419567121))
/home/bingxing2/ailab/group/ai4astro/Datasets/Astro_SR/origin_fits/hst_12586_18_acs_wfc_f814w_jbts18_drc.fits.gz:POLYGON ((269.79730507510806 -29.28446171694851, 269.7285933019118 -29.28446171119243, 269.72861297015237 -29.22590617126107, 269.79728541974447 -29.22590617700337, 269.79730507510806 -29.28446171694851))
/home/bingxing2/ailab/group/ai4astro/Datasets/Astro_SR/origin_fits/hst_10886_03_acs_wfc_f814w_j9op03_drc.fits.gz:POLYGON ((29.544843659372752 -0.9713077744198713, 29.474528022101648 -0.9713077742552153, 29.474528725044102 -0.9012244628598742, 29.544842956746766 -0.9012244630126451, 29.544843659372752 -0.9713077744198713))
/home/bingxing2/ailab/group/ai4astro/Datasets/Astro_SR/origin_fits/hst_skycell-p0322x04y18_acs_wfc_f814w_all_drc.fits.gz:POLYGON ((164.4382354497232 -48.215491630154744, 164.32883292929856 -48.21775420774547, 164.32728423822104 -48.18461429191298, 164.43661417679078 -48.18235442748495, 164.4382354497232 -48.215491630154744))
/home/bingxing2/ailab/group/ai4astro/Datasets/Astro_SR/origin_fits/hst_10504_09_acs_wfc_f814w_j9g909_drc.fits.gz:POLYGON ((250.3452963694891 46.68230302228707, 250.2544371785753 46.6823030277621, 250.25438549261622 46.743678002584524, 250.34534807118976 46.743677997097706, 250.3452963694891 46.68230302228707))
/home/bingxing2/ailab/group/ai4astro/Datasets/Astro_SR/origin_fits/hst_skycell-p2183x10y09_acs_wfc_f814w_all_drc.fits.gz:POLYGON ((138.124843542868 41.583707171066536, 138.12145694502559 41.583721141696905, 138.12188740564906 41.641783158834514, 138.12527707614728 41.64176915946973, 138.124843542868 41.583707171066536))
/home/bingxing2/ailab/group/ai4astro/Datasets/Astro_SR/origin_fits/hst_skycell-p1751x06y10_acs_wfc_f814w_all_drc.fits.gz:POLYGON ((306.8272096918095 17.705733292750985, 306.74371110821573 17.70624175364484, 306.744196603917 17.7799917434275, 306.82773004334683 17.779481016856902, 306.8272096918095 17.705733292750985))
/home/bingxing2/ailab/group/ai4astro/Datasets/Astro_SR/origin_fits/hst_14038_40_acs_wfc_f814w_jcsz40_drc.fits.gz:POLYGON ((40.095200150027885 -1.6618706995811126, 40.02046040575658 -1.6618706992067818, 40.02046176868583 -1.5882318361252732, 40.095198787820536 -1.588231836483022, 40.095200150027885 -1.6618706995811126))
/home/bingxing2/ailab/group/ai4astro/Datasets/Astro_SR/origin_fits/hst_10543_21_acs_wfc_f814w_j9e021_drc.fits.gz:POLYGON ((187.74587272273436 12.355141941511762, 187.67290504344834 12.355141938737255, 187.67289510299548 12.426169693007008, 187.74588265750904 12.426169695797961, 187.74587272273436 12.355141941511762))
/home/bingxing2/ailab/group/ai4astro/Datasets/Astro_SR/origin_fits/hst_skycell-p0571x05y03_acs_wfc_f814w_all_drc.fits.gz:POLYGON ((58.673591778160066 -36.01033250907971, 58.57213097074058 -36.01183271540496, 58.570523442511025 -35.934792653421106, 58.67189009796938 -35.933296544831194, 58.673591778160066 -36.01033250907971))
/home/bingxing2/ailab/group/ai4astro/Datasets/Astro_SR/origin_fits/hst_skycell-p2160x15y13_acs_wfc_f814w_all_drc.fits.gz:POLYGON ((14.754128803029355 42.3518090879911, 14.663304927780834 42.35088272144918, 14.660369757173566 42.502873037279834, 14.751412196136984 42.50380431439136, 14.754128803029355 42.3518090879911))
/home/bingxing2/ailab/group/ai4astro/Datasets/Astro_SR/origin_fits/hst_9837_03_acs_wfc_f814w_j8q803_drc.fits.gz:POLYGON ((23.801691174159657 31.16060420373565, 23.70461574430906 31.16060419841477, 23.704573111444596 31.243645820712526, 23.8017337945665 31.24364582605084, 23.801691174159657 31.16060420373565))
/home/bingxing2/ailab/group/ai4astro/Datasets/Astro_SR/origin_fits/hst_12257_50_acs_wfc_f814w_jbhy50_drc.fits.gz:POLYGON ((74.92217691999893 -66.134547628858, 74.71905646096508 -66.1345475794662, 74.71938345734183 -66.05267272170407, 74.92185016601049 -66.05267277090572, 74.92217691999893 -66.134547628858))
/home/bingxing2/ailab/group/ai4astro/Datasets/Astro_SR/origin_fits/hst_12209_28_acs_wfc_f814w_jbiv28_drc.fits.gz:POLYGON ((208.13611519890804 32.22887263541128, 208.04147847582715 32.22887262705745, 208.0414366363468 32.30905314214723, 208.13615701856736 32.309053150527, 208.13611519890804 32.22887263541128))
/home/bingxing2/ailab/group/ai4astro/Datasets/Astro_SR/origin_fits/hst_16278_56_acs_wfc_f814w_jecd56_drc.fits.gz:POLYGON ((3.5369611852234004 -30.362946471240537, 3.4621276436665838 -30.362946475368332, 3.4621521477742054 -30.29877982907654, 3.5369366716228527 -30.298779824959343, 3.5369611852234004 -30.362946471240537))
/home/bingxing2/ailab/group/ai4astro/Datasets/Astro_SR/origin_fits/hst_9861_10_acs_wfc_f814w_j8sk10_drc.fits.gz:POLYGON ((86.8685117197653 -51.09588059433885, 86.77478668702086 -51.09588059662465, 86.7748459295069 -51.03732506572447, 86.86845247004976 -51.03732506344342, 86.8685117197653 -51.09588059433885))
/home/bingxing2/ailab/group/ai4astro/Datasets/Astro_SR/origin_fits/hst_12527_05_acs_wfc_f814w_jbru05_drc.fits.gz:POLYGON ((334.51417270091525 0.1380362182127003, 334.43372805598943 0.1380362182033082, 334.4337278806422 0.2183417408214282, 334.5141728762383 0.2183417408362651, 334.51417270091525 0.1380362182127003))
/home/bingxing2/ailab/group/ai4astro/Datasets/Astro_SR/origin_fits/hst_skycell-p0618x16y18_acs_wfc_f814w_all_drc.fits.gz:POLYGON ((277.9757816069395 -32.442944053465965, 277.9151194994451 -32.44221135311545, 277.91622117217855 -32.38106988756319, 277.97684044044587 -32.381800819033195, 277.9757816069395 -32.442944053465965))
/home/bingxing2/ailab/group/ai4astro/Datasets/Astro_SR/origin_fits/hst_13498_97_acs_wfc_f814w_jc8m97_drc.fits.gz:POLYGON ((109.3674651230288 37.792659677963044, 109.27962191454795 37.79265968436485, 109.2795813564393 37.86078465631188, 109.3675056970651 37.86078464989435, 109.3674651230288 37.792659677963044))
/home/bingxing2/ailab/group/ai4astro/Datasets/Astro_SR/origin_fits/hst_9822_1i_acs_wfc_f814w_j8pu1i_drc.fits.gz:POLYGON ((150.46883658642713 2.1161368911389506, 150.39813561450475 2.1161368912249405, 150.39813402957918 2.1845535367410145, 150.46883817152204 2.184553536652236, 150.46883658642713 2.1161368911389506))
/home/bingxing2/ailab/group/ai4astro/Datasets/Astro_SR/origin_fits/hst_16798_09_acs_wfc_f814w_jept09_drc.fits:POLYGON ((10.643545454315936 40.72578102096221, 10.541537846763529 40.72578101375936, 10.541478989663931 40.80241986081138, 10.64360429253424 40.80241986803373, 10.643545454315936 40.72578102096221))
/home/bingxing2/ailab/group/ai4astro/Datasets/Astro_SR/origin_fits/hst_12110_09_acs_wfc_f814w_jbfo09_drc.fits.gz:POLYGON ((11.4199011826223 42.054437948893174, 11.308623070730787 42.05443794355683, 11.308550577324223 42.137007334721154, 11.419973661634577 42.13700734007298, 11.4199011826223 42.054437948893174))
/home/bingxing2/ailab/group/ai4astro/Datasets/Astro_SR/origin_fits/hst_12458_a8_acs_wfc_f814w_jbsua8_drc.fits.gz:POLYGON ((342.2325296817318 -44.570662237637194, 342.1312073809076 -44.57066222736379, 342.1312702948476 -44.49831504301309, 342.23246679664624 -44.49831505326058, 342.2325296817318 -44.570662237637194))
/home/bingxing2/ailab/group/ai4astro/Datasets/Astro_SR/origin_fits/hst_17502_72_acs_wfc_f814w_jfab72_drc.fits.gz:POLYGON ((259.11969673245756 -62.86767624936443, 258.93596205617433 -62.86767623720587, 258.9362235473874 -62.78384302630545, 259.1194352944205 -62.78384303842032, 259.11969673245756 -62.86767624936443))
/home/bingxing2/ailab/group/ai4astro/Datasets/Astro_SR/origin_fits/hst_skycell-p1774x06y03_acs_wfc_f814w_all_drc.fits.gz:POLYGON ((44.08614774037941 20.03045093914881, 44.018449476702045 20.030905438849235, 44.0190012518804 20.099113541891306, 44.08673166203643 20.098657323522595, 44.08614774037941 20.03045093914881))
/home/bingxing2/ailab/group/ai4astro/Datasets/Astro_SR/origin_fits/hst_skycell-p0771x12y01_acs_wfc_f814w_all_drc.fits.gz:POLYGON ((249.8979349987369 -28.4291387668375, 249.83148793159816 -28.428954656340206, 249.83170795809093 -28.36765267496669, 249.8981195770665 -28.367836331686952, 249.8979349987369 -28.4291387668375))
/home/bingxing2/ailab/group/ai4astro/Datasets/Astro_SR/origin_fits/hst_skycell-p1454x13y09_acs_wfc_f814w_all_drc.fits.gz:POLYGON ((169.46747411595376 5.528629552516691, 169.38971999614284 5.52856981360663, 169.38965487155082 5.599918538049609, 169.46741916027233 5.599979053963645, 169.46747411595376 5.528629552516691))
/home/bingxing2/ailab/group/ai4astro/Datasets/Astro_SR/origin_fits/hst_12063_1e_acs_wfc_f814w_jbeo1e_drc.fits.gz:POLYGON ((214.89677844657754 52.81466895350375, 214.77744429499566 52.81466895936523, 214.77734479916208 52.88700224381158, 214.896877961905 52.8870022379347, 214.89677844657754 52.81466895350375))
/home/bingxing2/ailab/group/ai4astro/Datasets/Astro_SR/origin_fits/hst_12444_5u_acs_wfc_f814w_jboi5u_drc.fits.gz:POLYGON ((189.23883452614345 62.172230908855234, 189.06356299349324 62.1722308807877, 189.0633249169359 62.25411965963995, 189.23907248197582 62.25411968780491, 189.23883452614345 62.172230908855234))
/home/bingxing2/ailab/group/ai4astro/Datasets/Astro_SR/origin_fits/hst_13435_01_acs_wfc_f814w_jcb001_drc.fits.gz:POLYGON ((6.501792147424658 -71.62068315580919, 6.259611481462172 -71.62068311950257, 6.260096584668147 -71.54411385685079, 6.501307274162934 -71.54411389299588, 6.501792147424658 -71.62068315580919))
/home/bingxing2/ailab/group/ai4astro/Datasets/Astro_SR/origin_fits/hst_10624_25_acs_wfc_f814w_j9h525_drc.fits.gz:POLYGON ((345.4362807995585 -39.00968110626322, 345.3509319613823 -39.009681095903325, 345.35097178834724 -38.94358389933992, 345.4362409991255 -38.94358390967541, 345.4362807995585 -39.00968110626322))
/home/bingxing2/ailab/group/ai4astro/Datasets/Astro_SR/origin_fits/hst_skycell-p1554x05y20_acs_wfc_f814w_all_drc.fits:POLYGON ((215.90598740162926 12.020083577223774, 215.83642750874307 12.02045192286498, 215.83646527689 12.028827641847448, 215.90602697444967 12.02845903566595, 215.90598740162926 12.020083577223774))
/home/bingxing2/ailab/group/ai4astro/Datasets/Astro_SR/origin_fits/hst_skycell-p2055x15y11_acs_wfc_f814w_all_drc.fits.gz:POLYGON ((216.66570813983193 34.09673548240715, 216.5940739555329 34.096001257452166, 216.59373807638295 34.11790664535251, 216.6653907475856 34.11864147404834, 216.66570813983193 34.09673548240715))
/home/bingxing2/ailab/group/ai4astro/Datasets/Astro_SR/origin_fits/hst_skycell-p1689x19y20_acs_wfc_f814w_all_drc.fits.gz:POLYGON ((44.086372485900306 20.031528789886664, 44.01954119659357 20.03078017152382, 44.018757588128004 20.098061658726184, 44.08561467276427 20.098812946086497, 44.086372485900306 20.031528789886664))
/home/bingxing2/ailab/group/ai4astro/Datasets/Astro_SR/origin_fits/hst_skycell-p2552x15y06_acs_wfc_f814w_all_drc.fits.gz:POLYGON ((150.15234792040516 68.67025837267317, 149.76509629699098 68.66391260697182, 149.74559954732118 68.80883566555495, 150.13539256300007 68.81522981483936, 150.15234792040516 68.67025837267317))
/home/bingxing2/ailab/group/ai4astro/Datasets/Astro_SR/origin_fits/hst_skycell-p1443x12y02_acs_wfc_f814w_all_drc.fits.gz:POLYGON ((125.22083234474775 3.9304272175694277, 125.13966208766217 3.9304065812857303, 125.13963843998982 3.9813633866390874, 125.2208162660293 3.9813842926522347, 125.22083234474775 3.9304272175694277))
/home/bingxing2/ailab/group/ai4astro/Datasets/Astro_SR/origin_fits/hst_skycell-p1975x09y03_acs_wfc_f814w_all_drc.fits.gz:POLYGON ((205.60402408150443 28.090579371584486, 205.51264310889724 28.09090735767529, 205.51321190268828 28.218648563025837, 205.6047085335578 28.21831876716158, 205.60402408150443 28.090579371584486))
/home/bingxing2/ailab/group/ai4astro/Datasets/Astro_SR/origin_fits/hst_skycell-p0035x14y18_acs_wfc_f814w_all_drc.fits.gz:POLYGON ((168.89078797824686 -76.42807690301966, 167.87899656528256 -76.41579915167739, 167.9014354907103 -76.32841454250406, 168.90685068619342 -76.34060967358683, 168.89078797824686 -76.42807690301966))
/home/bingxing2/ailab/group/ai4astro/Datasets/Astro_SR/origin_fits/hst_skycell-p2629x12y14_acs_wfc_f814w_all_drc.fits.gz:POLYGON ((237.15570827310322 82.75257721617778, 237.1216697148628 82.75236430442507, 237.11778461101648 82.76219459535615, 237.1518689614383 82.76240779841737, 237.15570827310322 82.75257721617778))
/home/bingxing2/ailab/group/ai4astro/Datasets/Astro_SR/origin_fits/hst_skycell-p2290x05y05_acs_wfc_f814w_all_drc.fits:POLYGON ((8.33273964164821 48.4281865009207, 7.991232399936159 48.43458657217465, 7.9977881560569575 48.59735627125921, 8.340417430761876 48.590918524018576, 8.33273964164821 48.4281865009207))
/home/bingxing2/ailab/group/ai4astro/Datasets/Astro_SR/origin_fits/hst_skycell-p1322x02y02_acs_wfc_f814w_all_drc.fits.gz:POLYGON ((2.0616969090722534 -0.0971000532730736, 2.017249706151054 -0.0971027356841428, 2.0173383871860704 -0.0249631889005692, 2.061787540728386 -0.0249624992440039, 2.0616969090722534 -0.0971000532730736))
/home/bingxing2/ailab/group/ai4astro/Datasets/Astro_SR/origin_fits/hst_skycell-p1854x14y13_acs_wfc_f814w_all_drc.fits.gz:POLYGON ((25.599528280803646 26.35542881067975, 25.51420775013566 26.354964017645536, 25.51384041289804 26.406945183746842, 25.59919882060198 26.407411031665987, 25.599528280803646 26.35542881067975))
/home/bingxing2/ailab/group/ai4astro/Datasets/Astro_SR/origin_fits/hst_skycell-p2311x05y17_acs_wfc_f814w_all_drc.fits.gz:POLYGON ((134.3099602068135 51.32064281775553, 134.0871858396504 51.32481538050956, 134.09662675541017 51.53516593937578, 134.32040669905834 51.530962615565116, 134.3099602068135 51.32064281775553))
/home/bingxing2/ailab/group/ai4astro/Datasets/Astro_SR/origin_fits/hst_skycell-p2305x04y19_acs_wfc_f814w_all_drc.fits.gz:POLYGON ((98.88384892195478 51.90616406500858, 98.75798793242026 51.90917520562507, 98.76226229694018 51.98051001739925, 98.8883177010502 51.977491403163214, 98.88384892195478 51.90616406500858))
/home/bingxing2/ailab/group/ai4astro/Datasets/Astro_SR/origin_fits/hst_10092_48_acs_wfc_f814w_j8xi48_drc.fits.gz:POLYGON ((150.71885057516354 1.6944252369065775, 150.64816691192172 1.6944252364036536, 150.64816563777816 1.7628418819146754, 150.71885184831294 1.7628418824379055, 150.71885057516354 1.6944252369065775))
/home/bingxing2/ailab/group/ai4astro/Datasets/Astro_SR/origin_fits/hst_9722_04_acs_wfc_f814w_j8qu04_drc.fits.gz:POLYGON ((102.0885166416025 70.20908585450178, 101.84469405703818 70.20908584335982, 101.84420510853094 70.2914189753776, 102.08900552419317 70.29141898657004, 102.0885166416025 70.20908585450178))
/home/bingxing2/ailab/group/ai4astro/Datasets/Astro_SR/origin_fits/hst_10242_03_acs_wfc_f814w_j93803_drc.fits.gz:POLYGON ((5.132293512193972 59.29651948499597, 4.970989403015734 59.296519482552604, 4.970793776536154 59.37881105334246, 5.1324891290836945 59.378811055793854, 5.132293512193972 59.29651948499597))
/home/bingxing2/ailab/group/ai4astro/Datasets/Astro_SR/origin_fits/hst_skycell-p1151x03y20_acs_wfc_f814w_all_drc.fits:POLYGON ((34.386860292166254 -3.821893121274999, 34.33305587032161 -3.8220181081172844, 34.332723731639554 -3.730011569207924, 34.386519113177705 -3.729889614953784, 34.386860292166254 -3.821893121274999))
/home/bingxing2/ailab/group/ai4astro/Datasets/Astro_SR/origin_fits/hst_9750_14_acs_wfc_f814w_j8q614_drc.fits.gz:POLYGON ((269.78674026637736 -29.22901617234055, 269.71925937875585 -29.2290161666978, 269.7192786372781 -29.17050229304135, 269.7867210206858 -29.170502298670577, 269.78674026637736 -29.22901617234055))
/home/bingxing2/ailab/group/ai4astro/Datasets/Astro_SR/origin_fits/hst_skycell-p2222x09y07_acs_wfc_f814w_all_drc.fits:POLYGON ((344.7793741591802 40.9261114941567, 344.6911913918427 40.92658201058867, 344.69169310046163 40.98311590995825, 344.7799529929627 40.98264443779398, 344.7793741591802 40.9261114941567))
/home/bingxing2/ailab/group/ai4astro/Datasets/Astro_SR/origin_fits/hst_13386_s5_acs_wfc_f814w_jca9s5_drc.fits.gz:POLYGON ((64.1625757659686 -24.164688444060175, 64.08915609669207 -24.164688437764905, 64.08917510608732 -24.09846623650967, 64.16255677019112 -24.098466242785488, 64.1625757659686 -24.164688444060175))
/home/bingxing2/ailab/group/ai4astro/Datasets/Astro_SR/origin_fits/hst_15912_11_acs_wfc_f814w_je4t11_drc.fits.gz:POLYGON ((12.250684928711793 -73.13823242331318, 11.9622423536973 -73.13823241494872, 11.962933845771422 -73.05455213811739, 12.24999349403069 -73.05455214643807, 12.250684928711793 -73.13823242331318))
/home/bingxing2/ailab/group/ai4astro/Datasets/Astro_SR/origin_fits/hst_16800_22_acs_wfc_f814w_jepv22_drc.fits:POLYGON ((10.040187978655778 40.652324640339366, 9.938127993347777 40.65232463716177, 9.93806919990726 40.72904681745099, 10.04024676378027 40.72904682063719, 10.040187978655778 40.652324640339366))
/home/bingxing2/ailab/group/ai4astro/Datasets/Astro_SR/origin_fits/hst_9405_7g_acs_wfc_f814w_j8iy7g_drc.fits.gz:POLYGON ((6.783649340376534 18.895492300892975, 6.699033965057994 18.895492298489426, 6.699013705779001 18.975436708153293, 6.783669594568948 18.97543671056778, 6.783649340376534 18.895492300892975))
/home/bingxing2/ailab/group/ai4astro/Datasets/Astro_SR/origin_fits/hst_skycell-p0927x05y20_acs_wfc_f814w_all_drc.fits.gz:POLYGON ((198.15646680226354 -15.837638673606136, 198.09918456049928 -15.83800193984116, 198.09861727589677 -15.763344078016338, 198.15587555486286 -15.762982650032937, 198.15646680226354 -15.837638673606136))
/home/bingxing2/ailab/group/ai4astro/Datasets/Astro_SR/origin_fits/hst_14405_04_acs_wfc_f814w_jczz04_drc.fits.gz:POLYGON ((194.31609232494142 21.989705921469767, 194.21296497679782 21.989705914830125, 194.21293295944434 22.077566973106997, 194.31612432910336 22.077566979775998, 194.31609232494142 21.989705921469767))
/home/bingxing2/ailab/group/ai4astro/Datasets/Astro_SR/origin_fits/hst_12061_iw_acs_wfc_f814w_jbeuiw_drc.fits.gz:POLYGON ((53.07941738392891 -27.88466292588205, 52.99256971328966 -27.88466292806706, 52.992600384159836 -27.808024072596304, 53.07938670813243 -27.808024070418345, 53.07941738392891 -27.88466292588205))
/home/bingxing2/ailab/group/ai4astro/Datasets/Astro_SR/origin_fits/hst_16191_32_acs_wfc_f814w_jeea32_drc.fits.gz:POLYGON ((146.4602946554356 67.5410884609522, 146.27593149970724 67.54108846664053, 146.275653025794 67.61240780930343, 146.4605731596036 67.61240780359499, 146.4602946554356 67.5410884609522))
/home/bingxing2/ailab/group/ai4astro/Datasets/Astro_SR/origin_fits/hst_skycell-p2251x12y15_acs_wfc_f814w_all_drc.fits.gz:POLYGON ((145.7853713702103 46.95870382634978, 145.7182158408987 46.95841253089659, 145.71751879213858 47.02956581073735, 145.78476233886823 47.02985781975064, 145.7853713702103 46.95870382634978))
/home/bingxing2/ailab/group/ai4astro/Datasets/Astro_SR/origin_fits/hst_skycell-p0858x05y17_acs_wfc_f814w_all_drc.fits.gz:POLYGON ((267.3283823523413 -20.450283005934356, 267.26287544936645 -20.45087504512772, 267.2627503313913 -20.43929891830637, 267.32825194723716 -20.43870725091632, 267.3283823523413 -20.450283005934356))
/home/bingxing2/ailab/group/ai4astro/Datasets/Astro_SR/origin_fits/hst_17091_04_acs_wfc_f814w_jf0z04_drc.fits:POLYGON ((150.38854537683784 2.7223302360721675, 150.3131408608717 2.7223302364389, 150.31313847945268 2.7974135427757405, 150.38854775899895 2.7974135423988806, 150.38854537683784 2.7223302360721675))
/home/bingxing2/ailab/group/ai4astro/Datasets/Astro_SR/origin_fits/hst_12444_4f_acs_wfc_f814w_jboi4f_drc.fits.gz:POLYGON ((189.08624575393947 62.16407226878074, 188.9248228871197 62.16407224372486, 188.92462073261038 62.23961382426923, 189.08644780058586 62.2396138494053, 189.08624575393947 62.16407226878074))
/home/bingxing2/ailab/group/ai4astro/Datasets/Astro_SR/origin_fits/hst_10250_11_acs_wfc_f814w_j90l11_drc.fits.gz:POLYGON ((149.36916207454286 68.93037718524496, 149.15312252529714 68.93037714551525, 149.1527361767466 69.00900199286515, 149.36954819848202 69.00900203275796, 149.36916207454286 68.93037718524496))
/home/bingxing2/ailab/group/ai4astro/Datasets/Astro_SR/origin_fits/hst_skycell-p1222x09y04_acs_wfc_f814w_all_drc.fits.gz:POLYGON ((320.00524660961537 -7.731332125029036, 319.93871996648124 -7.731397354881147, 319.93866936159753 -7.660605498762077, 320.0051873322076 -7.660540868663434, 320.00524660961537 -7.731332125029036))
/home/bingxing2/ailab/group/ai4astro/Datasets/Astro_SR/origin_fits/hst_skycell-p0129x11y12_acs_wfc_f814w_all_drc.fits:POLYGON ((212.49223914677188 -65.72650180730922, 212.15022732590174 -65.72653209799304, 212.1507727761805 -65.63691299684751, 212.49159988758348 -65.63688283267963, 212.49223914677188 -65.72650180730922))
/home/bingxing2/ailab/group/ai4astro/Datasets/Astro_SR/origin_fits/hst_skycell-p1864x17y04_acs_wfc_f814w_all_drc.fits:POLYGON ((68.70901356664653 24.26944743176475, 68.5497311834663 24.267765214694755, 68.54716442099202 24.447960206380998, 68.70668788222021 24.449656867951656, 68.70901356664653 24.26944743176475))
/home/bingxing2/ailab/group/ai4astro/Datasets/Astro_SR/origin_fits/hst_16520_01_acs_wfc_f814w_jelq01_drc.fits.gz:POLYGON ((5.7951055319747855 -72.10957298993544, 5.525508790172286 -72.10957303043152, 5.526109230801698 -72.02678160617914, 5.794504829023762 -72.02678156588232, 5.7951055319747855 -72.10957298993544))
/home/bingxing2/ailab/group/ai4astro/Datasets/Astro_SR/origin_fits/hst_skycell-p2123x13y14_acs_wfc_f814w_all_drc.fits.gz:POLYGON ((189.37392081558693 38.714915494944414, 189.2725365959111 38.71433105183003, 189.2718111230576 38.78666834738354, 189.37329643210975 38.78725428459908, 189.37392081558693 38.714915494944414))
/home/bingxing2/ailab/group/ai4astro/Datasets/Astro_SR/origin_fits/hst_10498_03_acs_wfc_f814w_j9ar03_drc.fits.gz:POLYGON ((189.548325841092 74.1378641997069, 189.24953451347452 74.13786414154302, 189.24878030906135 74.2195999593791, 189.54907961730788 74.21960001786016, 189.548325841092 74.1378641997069))
/home/bingxing2/ailab/group/ai4astro/Datasets/Astro_SR/origin_fits/hst_12945_15_acs_wfc_f814w_jc1b15_drc.fits.gz:POLYGON ((195.42051824636889 -11.641627342018774, 195.33577502104617 -11.64162734472029, 195.33578760777849 -11.558682937425758, 195.42050565414476 -11.558682934744033, 195.42051824636889 -11.641627342018774))
/home/bingxing2/ailab/group/ai4astro/Datasets/Astro_SR/origin_fits/hst_skycell-p1808x18y19_acs_wfc_f814w_all_drc.fits.gz:POLYGON ((186.88042417587616 23.777022618141515, 186.6142710917086 23.7738954246735, 186.61085861663844 24.01739690334801, 186.8774751788492 24.020559294837184, 186.88042417587616 23.777022618141515))
/home/bingxing2/ailab/group/ai4astro/Datasets/Astro_SR/origin_fits/hst_skycell-p1320x13y14_acs_wfc_f814w_all_drc.fits:POLYGON ((351.6426119449764 -1.2215463640339403, 351.58027306912794 -1.2215373534604355, 351.5802886710583 -1.1605289379500963, 351.6426252298004 -1.1605374981161078, 351.6426119449764 -1.2215463640339403))
/home/bingxing2/ailab/group/ai4astro/Datasets/Astro_SR/origin_fits/hst_9753_29_acs_wfc_f814w_j8t829_drc.fits.gz:POLYGON ((259.36917376445876 59.58978224231685, 259.22089761417806 59.58978222655056, 259.22073217491385 59.66461548643525, 259.36933914145106 59.66461550224879, 259.36917376445876 59.58978224231685))
/home/bingxing2/ailab/group/ai4astro/Datasets/Astro_SR/origin_fits/hst_skycell-p1694x13y15_acs_wfc_f814w_all_drc.fits:POLYGON ((66.59914512936348 18.872984835767543, 66.55448428076815 18.87288941782918, 66.55432087414718 18.940748342563897, 66.59899900458808 18.94084412627475, 66.59914512936348 18.872984835767543))
/home/bingxing2/ailab/group/ai4astro/Datasets/Astro_SR/origin_fits/hst_skycell-p0862x07y07_acs_wfc_f814w_all_drc.fits.gz:POLYGON ((283.81242492572994 -22.84092318874737, 283.7749424824647 -22.841142385740344, 283.77484079975 -22.82552547169142, 283.81231909185664 -22.825306439946658, 283.81242492572994 -22.84092318874737))
/home/bingxing2/ailab/group/ai4astro/Datasets/Astro_SR/origin_fits/hst_skycell-p1890x03y19_acs_wfc_f814w_all_drc.fits.gz:POLYGON ((186.6310487237605 27.768159914297964, 186.5638885529168 27.76922702389821, 186.56402475548018 27.776470419797334, 186.63118912618395 27.77540299136956, 186.6310487237605 27.768159914297964))
/home/bingxing2/ailab/group/ai4astro/Datasets/Astro_SR/origin_fits/hst_skycell-p2428x05y06_acs_wfc_f814w_all_drc.fits.gz:POLYGON ((175.3106552425037 56.66460329400168, 175.17378384169365 56.667283435724976, 175.17622332669512 56.705375087327795, 175.3132350362258 56.70269098040558, 175.3106552425037 56.66460329400168))
/home/bingxing2/ailab/group/ai4astro/Datasets/Astro_SR/origin_fits/hst_skycell-p2311x14y11_acs_wfc_f814w_all_drc.fits:POLYGON ((130.85619099422473 50.04752400017408, 130.73896703689203 50.04631281748524, 130.73708414224964 50.117917512091964, 130.85448303297284 50.11913176964517, 130.85619099422473 50.04752400017408))
/home/bingxing2/ailab/group/ai4astro/Datasets/Astro_SR/origin_fits/hst_10420_10_acs_wfc_f814w_j97010_drc.fits.gz:POLYGON ((109.57399600122667 37.66936400178169, 109.46769973097823 37.66936400664328, 109.4676392557123 37.753641732932955, 109.57405648882228 37.75364172805659, 109.57399600122667 37.66936400178169))
/home/bingxing2/ailab/group/ai4astro/Datasets/Astro_SR/origin_fits/hst_15902_07_acs_wfc_f814w_je4n07_drc.fits:POLYGON ((9.030092611637318 51.582992564007306, 8.932080556582935 51.58299257046129, 8.932015219371856 51.64347865380765, 9.030157969515495 51.64347864733965, 9.030092611637318 51.582992564007306))
/home/bingxing2/ailab/group/ai4astro/Datasets/Astro_SR/origin_fits/hst_skycell-p1175x07y17_acs_wfc_f814w_all_drc.fits.gz:POLYGON ((130.512583765146 -4.536634501395344, 130.42874206763196 -4.536753641552129, 130.4286032802416 -4.460206583745209, 130.51243323574542 -4.460089470210105, 130.512583765146 -4.536634501395344))
/home/bingxing2/ailab/group/ai4astro/Datasets/Astro_SR/origin_fits/hst_10092_cf_acs_wfc_f814w_j8xicf_drc.fits.gz:POLYGON ((150.04000443953194 2.7295224362338644, 149.9634871003093 2.729522435290097, 149.96348469020305 2.804175185849802, 150.04000684776716 2.804175186819421, 150.04000443953194 2.7295224362338644))
/home/bingxing2/ailab/group/ai4astro/Datasets/Astro_SR/origin_fits/hst_15148_01_acs_wfc_f814w_jdkk01_drc.fits.gz:POLYGON ((245.64067640175693 -23.103193122617977, 245.5659771832383 -23.103193116271026, 245.5659961721351 -23.034804250035318, 245.64065742657047 -23.034804256361284, 245.64067640175693 -23.103193122617977))
/home/bingxing2/ailab/group/ai4astro/Datasets/Astro_SR/origin_fits/hst_skycell-p0114x07y09_acs_wfc_f814w_all_drc.fits.gz:POLYGON ((76.40576721832656 -66.4596321178711, 75.92057845142531 -66.46681955058948, 75.90996276784632 -66.33805440780223, 76.39267456060927 -66.3309106277087, 76.40576721832656 -66.4596321178711))
/home/bingxing2/ailab/group/ai4astro/Datasets/Astro_SR/origin_fits/hst_skycell-p1627x14y13_acs_wfc_f814w_all_drc.fits:POLYGON ((150.7361412684091 14.356514378088423, 150.62749846029507 14.35620381064013, 150.6270201206006 14.505194111925572, 150.73573351213074 14.505508031385562, 150.7361412684091 14.356514378088423))
/home/bingxing2/ailab/group/ai4astro/Datasets/Astro_SR/origin_fits/hst_skycell-p1918x06y11_acs_wfc_f814w_all_drc.fits:POLYGON ((308.77513762215534 26.029960528327077, 308.7208840026935 26.03049494120088, 308.7217265144922 26.100940344926304, 308.7760126672117 26.10040426646132, 308.77513762215534 26.029960528327077))
/home/bingxing2/ailab/group/ai4astro/Datasets/Astro_SR/origin_fits/hst_15851_13_acs_wfc_f814w_je5613_drc.fits:POLYGON ((40.48482457697573 -8.445107534731285, 40.40111135629769 -8.445107532973255, 40.40112026699853 -8.362552013733705, 40.484815669800795 -8.362552015474296, 40.48482457697573 -8.445107534731285))
/home/bingxing2/ailab/group/ai4astro/Datasets/Astro_SR/origin_fits/hst_15696_01_acs_wfc_f814w_jdz401_drc.fits:POLYGON ((145.24815189306887 7.7063119066960155, 145.169455055724 7.706311907274017, 145.1694478690306 7.783256322009163, 145.2481590809192 7.783256321425327, 145.24815189306887 7.7063119066960155))
/home/bingxing2/ailab/group/ai4astro/Datasets/Astro_SR/origin_fits/hst_skycell-p0913x18y06_acs_wfc_f814w_all_drc.fits.gz:POLYGON ((136.42416591522945 -19.22852045053091, 136.28096717346034 -19.22713123019221, 136.28277116702472 -19.057043979139255, 136.42583108772436 -19.058420114348277, 136.42416591522945 -19.22852045053091))
/home/bingxing2/ailab/group/ai4astro/Datasets/Astro_SR/origin_fits/hst_9810_04_acs_wfc_f814w_j8r004_drc.fits.gz:POLYGON ((184.7521902128956 47.30215216328664, 184.64407052760717 47.30215214772592, 184.643995582124 47.375277105185766, 184.75226511251728 47.37527712078637, 184.7521902128956 47.30215216328664))
/home/bingxing2/ailab/group/ai4astro/Datasets/Astro_SR/origin_fits/hst_skycell-p1537x08y09_acs_wfc_f814w_all_drc.fits.gz:POLYGON ((146.28961434118995 9.501082758714857, 146.21610640234871 9.501215371546305, 146.2163103022229 9.612113762609946, 146.28984329530067 9.611979568647243, 146.28961434118995 9.501082758714857))
/home/bingxing2/ailab/group/ai4astro/Datasets/Astro_SR/origin_fits/hst_skycell-p2384x17y19_acs_wfc_f814w_all_drc.fits.gz:POLYGON ((226.69290238632374 55.762888153627955, 226.53970250865257 55.75980856662654, 226.5375676343272 55.793099017220456, 226.69089540158745 55.79618234178711, 226.69290238632374 55.762888153627955))
/home/bingxing2/ailab/group/ai4astro/Datasets/Astro_SR/origin_fits/hst_13699_09_acs_wfc_f814w_jcn809_drc.fits.gz:POLYGON ((22.38110884376482 38.690279539623994, 22.292476806826027 38.69027953316777, 22.292434043976296 38.75918228200351, 22.38115159010965 38.759182288475685, 22.38110884376482 38.690279539623994))
/home/bingxing2/ailab/group/ai4astro/Datasets/Astro_SR/origin_fits/hst_9827_14_acs_wfc_f814w_j8qz14_drc.fits.gz:POLYGON ((85.30913165360117 -69.95279092248, 85.10918177435634 -69.95279088657225, 85.10950683880651 -69.88459655372094, 85.30880679686614 -69.88459658949641, 85.30913165360117 -69.95279092248))
/home/bingxing2/ailab/group/ai4astro/Datasets/Astro_SR/origin_fits/hst_9771_28_acs_wfc_f814w_j8mq28_drc.fits.gz:POLYGON ((135.76052767303537 20.03990225654534, 135.6826012460715 20.039902258452607, 135.68258311080945 20.112860565053893, 135.7605458123529 20.112860563139087, 135.76052767303537 20.03990225654534))
/home/bingxing2/ailab/group/ai4astro/Datasets/Astro_SR/origin_fits/hst_12661_05_acs_wfc_f814w_jbso05_drc.fits.gz:POLYGON ((141.62480364296835 58.754359286191594, 141.48851423603213 58.75435930257877, 141.4883769630467 58.82423424442045, 141.6249409785547 58.82423422798814, 141.62480364296835 58.754359286191594))
/home/bingxing2/ailab/group/ai4astro/Datasets/Astro_SR/origin_fits/hst_11688_06_acs_wfc_f814w_jb2o06_drc.fits.gz:POLYGON ((295.28247588135866 40.21421363477891, 295.1931917867792 40.2142136398372, 295.19314700353925 40.28208861128216, 295.2825206778097 40.28208860621167, 295.28247588135866 40.21421363477891))
/home/bingxing2/ailab/group/ai4astro/Datasets/Astro_SR/origin_fits/hst_11593_03_acs_wfc_f814w_jb1r03_drc.fits.gz:POLYGON ((79.78684803198003 -28.513615302159394, 79.71331801871823 -28.513615295045295, 79.71334085557915 -28.448018093494156, 79.78682521153097 -28.44801810058885, 79.78684803198003 -28.513615302159394))
/home/bingxing2/ailab/group/ai4astro/Datasets/Astro_SR/origin_fits/hst_15902_64_acs_wfc_f814w_je4n64_drc.fits:POLYGON ((10.124276460858718 41.71076829206416, 10.019139550919611 41.71076830096974, 10.019075092163343 41.7894488110162, 10.124340943581004 41.78944880208596, 10.124276460858718 41.71076829206416))
/home/bingxing2/ailab/group/ai4astro/Datasets/Astro_SR/origin_fits/hst_13476_24_acs_wfc_f814w_jcc224_drc.fits.gz:POLYGON ((19.057162370039364 -71.44053647096315, 18.857352457378475 -71.44053649044339, 18.857679882985423 -71.37725881494092, 19.05683482306357 -71.37725879553174, 19.057162370039364 -71.44053647096315))
/home/bingxing2/ailab/group/ai4astro/Datasets/Astro_SR/origin_fits/hst_skycell-p1282x13y15_acs_wfc_f814w_all_drc.fits.gz:POLYGON ((199.6392159203399 -1.1008853186781271, 199.57637056315556 -1.1008770548097793, 199.57638541162586 -1.0433492783527383, 199.63922856616867 -1.0433571100289867, 199.6392159203399 -1.1008853186781271))
/home/bingxing2/ailab/group/ai4astro/Datasets/Astro_SR/origin_fits/hst_14269_14_acs_wfc_f814w_jcwi14_drc.fits.gz:POLYGON ((248.77728382115703 70.49434451256028, 248.5308692577727 70.49434449789774, 248.5303679211161 70.57656651510067, 248.77778506966828 70.57656652983032, 248.77728382115703 70.49434451256028))
/home/bingxing2/ailab/group/ai4astro/Datasets/Astro_SR/origin_fits/hst_15654_05_acs_wfc_f814w_jdxr05_drc.fits:POLYGON ((41.54844819880114 -30.254452954242186, 41.47829600471658 -30.254452956782135, 41.4783174539126 -30.194286306909078, 41.54842674377484 -30.19428630437528, 41.54844819880114 -30.254452954242186))
/home/bingxing2/ailab/group/ai4astro/Datasets/Astro_SR/origin_fits/hst_15444_c7_acs_wfc_f814w_jdrwc7_drc.fits.gz:POLYGON ((266.87304357250036 68.58138986195756, 266.7069150680516 68.58138983715406, 266.70669132368977 68.64173699017047, 266.8732671813433 68.64173701505102, 266.87304357250036 68.58138986195756))
/home/bingxing2/ailab/group/ai4astro/Datasets/Astro_SR/origin_fits/hst_skycell-p1809x06y11_acs_wfc_f814w_all_drc.fits.gz:POLYGON ((194.27005573666042 21.986261949513906, 194.20760036843487 21.986784911477343, 194.20849435456086 22.08061432809689, 194.27099103464644 22.080088898779582, 194.27005573666042 21.986261949513906))
/home/bingxing2/ailab/group/ai4astro/Datasets/Astro_SR/origin_fits/hst_skycell-p1362x11y01_acs_wfc_f814w_all_drc.fits.gz:POLYGON ((159.93992426853916 -0.2688021641289656, 159.87532996282414 -0.2688016755667345, 159.87532902866266 -0.2565097830799408, 159.93992381838632 -0.2565102493085795, 159.93992426853916 -0.2688021641289656))
/home/bingxing2/ailab/group/ai4astro/Datasets/Astro_SR/origin_fits/hst_skycell-p2311x05y18_acs_wfc_f814w_all_drc.fits.gz:POLYGON ((134.32761374764283 51.525156581475585, 134.22552014880415 51.527133493288595, 134.22768524911876 51.572332903159634, 134.32987795570077 51.57035287214877, 134.32761374764283 51.525156581475585))
/home/bingxing2/ailab/group/ai4astro/Datasets/Astro_SR/origin_fits/hst_skycell-p2040x08y09_acs_wfc_f814w_all_drc.fits.gz:POLYGON ((147.82150622464613 33.400540831190916, 147.58582911415803 33.402169651344536, 147.58744506261831 33.58761719467533, 147.82363407159187 33.58597678579381, 147.82150622464613 33.400540831190916))
/home/bingxing2/ailab/group/ai4astro/Datasets/Astro_SR/origin_fits/hst_13496_93_acs_wfc_f814w_jc8o93_drc.fits.gz:POLYGON ((64.18125179590554 -24.152367722429172, 64.0953272639405 -24.152367716494272, 64.09535328313395 -24.074839972337937, 64.18122578954832 -24.07483997825135, 64.18125179590554 -24.152367722429172))
/home/bingxing2/ailab/group/ai4astro/Datasets/Astro_SR/origin_fits/hst_9476_13_acs_wfc_f814w_j8f613_drc.fits.gz:POLYGON ((163.6708758725828 -11.789687509883654, 163.60786608836264 -11.78968751006412, 163.60787301898603 -11.72913196929741, 163.67086894159843 -11.7291319691179, 163.6708758725828 -11.789687509883654))
/home/bingxing2/ailab/group/ai4astro/Datasets/Astro_SR/origin_fits/hst_16016_23_acs_wfc_f814w_je7223_drc.fits:POLYGON ((150.79676236257734 5.096110909841004, 150.72172968069876 5.096110908131238, 150.72172532528205 5.170124770847085, 150.79676671456912 5.1701247725818105, 150.79676236257734 5.096110909841004))
/home/bingxing2/ailab/group/ai4astro/Datasets/Astro_SR/origin_fits/hst_14677_01_acs_wfc_f814w_jd8101_drc.fits.gz:POLYGON ((29.105864704075525 -55.73581523845978, 28.973614162810183 -55.73581523854291, 28.973742795362956 -55.659704189213606, 29.10573607122162 -55.6597041891307, 29.105864704075525 -55.73581523845978))
/home/bingxing2/ailab/group/ai4astro/Datasets/Astro_SR/origin_fits/hst_skycell-p1588x17y07_acs_wfc_f814w_all_drc.fits.gz:POLYGON ((350.4224198185192 8.925041929059256, 350.3411620847507 8.92470965881702, 350.34082289665986 8.99515999441687, 350.42209818113724 8.995494945882841, 350.4224198185192 8.925041929059256))
/home/bingxing2/ailab/group/ai4astro/Datasets/Astro_SR/origin_fits/hst_15279_0a_acs_wfc_f814w_jdga0a_drc.fits:POLYGON ((121.52943212096999 15.08264191997409, 121.45791285480304 15.08264191678688, 121.45790136169983 15.150780784362098, 121.52944360754253 15.1507807875644, 121.52943212096999 15.08264191997409))
/home/bingxing2/ailab/group/ai4astro/Datasets/Astro_SR/origin_fits/hst_12070_03_acs_wfc_f814w_jbf703_drc.fits.gz:POLYGON ((11.668230323562382 42.287916060634046, 11.556503150898585 42.287916057852634, 11.55642976960161 42.370485448705, 11.668303697331496 42.37048545149444, 11.668230323562382 42.287916060634046))
/home/bingxing2/ailab/group/ai4astro/Datasets/Astro_SR/origin_fits/hst_12311_16_acs_wfc_f814w_jbj216_drc.fits.gz:POLYGON ((78.50559835816038 -40.17010391857777, 78.41157385117866 -40.1701039084412, 78.41162400070803 -40.09759005362845, 78.50554823535938 -40.097590063739005, 78.50559835816038 -40.17010391857777))
/home/bingxing2/ailab/group/ai4astro/Datasets/Astro_SR/origin_fits/hst_skycell-p1097x08y04_acs_wfc_f814w_all_drc.fits.gz:POLYGON ((174.76266563456593 -11.70960745458642, 174.53480166237713 -11.71017349628465, 174.5345042482903 -11.550589483369695, 174.76225571359157 -11.550031281562989, 174.76266563456593 -11.70960745458642))
/home/bingxing2/ailab/group/ai4astro/Datasets/Astro_SR/origin_fits/hst_9822_18_acs_wfc_f814w_j8pu18_drc.fits.gz:POLYGON ((150.3580258078696 2.4056317529563525, 150.28732463220342 2.4056317533476377, 150.2873228343083 2.4740345099864434, 150.35802760653402 2.4740345095840053, 150.3580258078696 2.4056317529563525))
/home/bingxing2/ailab/group/ai4astro/Datasets/Astro_SR/origin_fits/hst_skycell-p2183x11y14_acs_wfc_f814w_all_drc.fits.gz:POLYGON ((137.7136894230932 42.77754405885036, 137.60776461923032 42.77755665530241, 137.6077258913682 42.83943320126781, 137.71375509331608 42.83942057788407, 137.7136894230932 42.77754405885036))
/home/bingxing2/ailab/group/ai4astro/Datasets/Astro_SR/origin_fits/hst_skycell-p1458x05y20_acs_wfc_f814w_all_drc.fits.gz:POLYGON ((187.4859511751987 8.021785823308592, 187.3839621826356 8.022122273424134, 187.38414225431268 8.096306740543877, 187.48614518550588 8.095967169139538, 187.4859511751987 8.021785823308592))
/home/bingxing2/ailab/group/ai4astro/Datasets/Astro_SR/origin_fits/hst_skycell-p2570x06y17_acs_wfc_f814w_all_drc.fits:POLYGON ((352.7034207052234 71.34032986365114, 352.50331963227234 71.34405269139931, 352.51541180200053 71.4128346476424, 352.7162182733765 71.40909724524734, 352.7034207052234 71.34032986365114))
/home/bingxing2/ailab/group/ai4astro/Datasets/Astro_SR/origin_fits/hst_skycell-p1737x14y01_acs_wfc_f814w_all_drc.fits.gz:POLYGON ((246.35437989152203 15.668207780669569, 246.28684358230547 15.668006664064617, 246.2865557373 15.742403999723429, 246.3541202197966 15.742606142018305, 246.35437989152203 15.668207780669569))
/home/bingxing2/ailab/group/ai4astro/Datasets/Astro_SR/origin_fits/hst_skycell-p0647x18y19_acs_wfc_f814w_all_drc.fits.gz:POLYGON ((52.92758953929347 -28.2025579983574, 52.76755624963916 -28.20042155431125, 52.77216752707912 -27.95692085516, 52.93181616152795 -27.959034947879136, 52.92758953929347 -28.2025579983574))
/home/bingxing2/ailab/group/ai4astro/Datasets/Astro_SR/origin_fits/hst_skycell-p2543x10y16_acs_wfc_f814w_all_drc.fits:POLYGON ((55.65815805973809 71.26906056631444, 55.52600341678525 71.26979479768012, 55.5281827713656 71.31319969349592, 55.66063100002476 71.31246365425758, 55.65815805973809 71.26906056631444))
/home/bingxing2/ailab/group/ai4astro/Datasets/Astro_SR/origin_fits/hst_skycell-p0037x13y12_acs_wfc_f814w_all_drc.fits.gz:POLYGON ((203.36292646495107 -77.87098979613287, 203.00675665726908 -77.86775723179923, 203.01886181614486 -77.81250802134338, 203.37344303906633 -77.81572546333273, 203.36292646495107 -77.87098979613287))
/home/bingxing2/ailab/group/ai4astro/Datasets/Astro_SR/origin_fits/hst_16670_41_acs_wfc_f814w_jenq41_drc.fits:POLYGON ((77.744488144242 -8.073250672905532, 77.66004013398619 -8.073250669611781, 77.6600488593363 -7.989361818501253, 77.74447942553158 -7.98936182176034, 77.744488144242 -8.073250672905532))
/home/bingxing2/ailab/group/ai4astro/Datasets/Astro_SR/origin_fits/hst_16453_02_acs_wfc_f814w_jehz02_drc.fits:POLYGON ((187.2791557367048 3.5762440170374363, 187.20100357919262 3.576244017425049, 187.20100022687046 3.6540495429317934, 187.27915908981026 3.654049542535744, 187.2791557367048 3.5762440170374363))
/home/bingxing2/ailab/group/ai4astro/Datasets/Astro_SR/origin_fits/hst_skycell-p0081x17y13_acs_wfc_f814w_all_drc.fits.gz:POLYGON ((83.51288872701438 -69.53588093075477, 82.82788555043442 -69.51978274642444, 82.8645192715588 -69.3427963752866, 83.54391175467052 -69.35874309395574, 83.51288872701438 -69.53588093075477))
/home/bingxing2/ailab/group/ai4astro/Datasets/Astro_SR/origin_fits/hst_10592_78_acs_wfc_f814w_j9cv78_drc.fits.gz:POLYGON ((317.9214617479651 58.354354213177, 317.8060440395058 58.35435422107422, 317.80594791832357 58.413062519451536, 317.92155789839074 58.41306251153614, 317.9214617479651 58.354354213177))
/home/bingxing2/ailab/group/ai4astro/Datasets/Astro_SR/origin_fits/hst_skycell-p2381x06y14_acs_wfc_f814w_all_drc.fits:POLYGON ((211.71951286019834 54.65518538422262, 211.2982369615269 54.66231565676514, 211.30560670992716 54.82535882881597, 211.72856336363293 54.81818592728743, 211.71951286019834 54.65518538422262))
/home/bingxing2/ailab/group/ai4astro/Datasets/Astro_SR/origin_fits/hst_skycell-p1047x19y06_acs_wfc_f814w_all_drc.fits.gz:POLYGON ((329.503074413952 -15.062180889694439, 329.49180014908063 -15.062088708013087, 329.49182822560493 -15.058658381834926, 329.503102321607 -15.058750541728928, 329.503074413952 -15.062180889694439))
/home/bingxing2/ailab/group/ai4astro/Datasets/Astro_SR/origin_fits/hst_10713_01_acs_wfc_f814w_j9fn01_drc.fits.gz:POLYGON ((13.336503364267633 56.60180593347863, 13.196038641446165 56.60180594941758, 13.195893449033138 56.67972254544215, 13.33664861518659 56.67972252945594, 13.336503364267633 56.60180593347863))
/home/bingxing2/ailab/group/ai4astro/Datasets/Astro_SR/origin_fits/hst_13459_43_acs_wfc_f814w_jca543_drc.fits.gz:POLYGON ((177.46284098304181 22.259198945748384, 177.37384813215166 22.259198938448918, 177.3738219097514 22.34147667724629, 177.46286718964672 22.341476684575685, 177.46284098304181 22.259198945748384))
/home/bingxing2/ailab/group/ai4astro/Datasets/Astro_SR/origin_fits/hst_skycell-p1279x09y08_acs_wfc_f814w_all_drc.fits.gz:POLYGON ((188.59623716346366 -2.721559127258591, 188.56412900070615 -2.72157454836931, 188.56410451976026 -2.650410431874048, 188.5962112893475 -2.650395414133511, 188.59623716346366 -2.721559127258591))
/home/bingxing2/ailab/group/ai4astro/Datasets/Astro_SR/origin_fits/hst_10816_42_acs_wfc_f814w_j9p442_drc.fits.gz:POLYGON ((13.58141158758277 39.753463546125126, 13.485158112015972 39.753463554607706, 13.485106169024895 39.82768574024968, 13.581463552748254 39.8276857317447, 13.58141158758277 39.753463546125126))
/home/bingxing2/ailab/group/ai4astro/Datasets/Astro_SR/origin_fits/hst_9428_38_acs_wfc_f814w_j6mi38_drc.fits.gz:POLYGON ((83.94980120075117 -69.12531508620837, 83.71733561554821 -69.1253151187461, 83.71777430197069 -69.04249585842558, 83.94936233247087 -69.04249582602858, 83.94980120075117 -69.12531508620837))
/home/bingxing2/ailab/group/ai4astro/Datasets/Astro_SR/origin_fits/hst_skycell-p0178x10y20_acs_wfc_f814w_all_drc.fits.gz:POLYGON ((264.49674680423266 -59.97412169854018, 264.3241494286862 -59.974657374479314, 264.32352190256074 -59.91171734436341, 264.49578517164394 -59.91118306623965, 264.49674680423266 -59.97412169854018))
/home/bingxing2/ailab/group/ai4astro/Datasets/Astro_SR/origin_fits/hst_12056_08_acs_wfc_f814w_jbf008_drc.fits.gz:POLYGON ((11.221250167827733 41.85289477249965, 11.110323374246548 41.85289476574117, 11.110251641662288 41.93543637939921, 11.221321882245297 41.93543638617732, 11.221250167827733 41.85289477249965))
/home/bingxing2/ailab/group/ai4astro/Datasets/Astro_SR/origin_fits/hst_skycell-p1548x04y12_acs_wfc_f814w_all_drc.fits:POLYGON ((191.85232923704297 10.169461907489495, 191.67955512282242 10.170328742199931, 191.6804670236708 10.35920937167977, 191.85334155200607 10.358326112685216, 191.85232923704297 10.169461907489495))
/home/bingxing2/ailab/group/ai4astro/Datasets/Astro_SR/origin_fits/hst_skycell-p1181x15y16_acs_wfc_f814w_all_drc.fits:POLYGON ((152.83201996021887 -4.827002311189954, 152.64746756195277 -4.826740821295015, 152.64774574812077 -4.68344422801937, 152.83224974732585 -4.68369789200809, 152.83201996021887 -4.827002311189954))
/home/bingxing2/ailab/group/ai4astro/Datasets/Astro_SR/origin_fits/hst_13364_39_acs_wfc_f814w_jcdm39_drc.fits.gz:POLYGON ((158.22938884499575 27.65194778279989, 158.13736422804953 27.65194778098952, 158.1373297620734 27.733683851859652, 158.2294233068645 27.733683853676318, 158.22938884499575 27.65194778279989))
/home/bingxing2/ailab/group/ai4astro/Datasets/Astro_SR/origin_fits/hst_16257_47_acs_wfc_f814w_jece47_drc.fits:POLYGON ((119.57099711669343 23.91849738869763, 119.49261297503715 23.91849739179009, 119.4925912819194 23.989872365857735, 119.57101881656408 23.98987236275488, 119.57099711669343 23.91849738869763))
/home/bingxing2/ailab/group/ai4astro/Datasets/Astro_SR/origin_fits/hst_skycell-p1877x05y07_acs_wfc_f814w_all_drc.fits.gz:POLYGON ((128.94327432756916 24.919182171616278, 128.75525450485665 24.9211039494651, 128.7565563442497 25.028291326115717, 128.94474618970395 25.026360003609305, 128.94327432756916 24.919182171616278))
/home/bingxing2/ailab/group/ai4astro/Datasets/Astro_SR/origin_fits/hst_skycell-p1649x09y18_acs_wfc_f814w_all_drc.fits.gz:POLYGON ((241.8831162875978 15.719457779015213, 241.8231018260269 15.719591491711677, 241.82322646191406 15.781387334908567, 241.88325720149376 15.781253077920038, 241.8831162875978 15.719457779015213))
/home/bingxing2/ailab/group/ai4astro/Datasets/Astro_SR/origin_fits/hst_skycell-p0653x08y19_acs_wfc_f814w_all_drc.fits.gz:POLYGON ((82.90875576768812 -28.06786824740301, 82.81943228152407 -28.068411197782307, 82.81886298506595 -27.995914869074742, 82.90812245505768 -27.995373619247427, 82.90875576768812 -28.06786824740301))
/home/bingxing2/ailab/group/ai4astro/Datasets/Astro_SR/origin_fits/hst_skycell-p0009x06y19_acs_wfc_f814w_all_drc.fits:POLYGON ((332.6757978997874 -84.0222034086983, 331.80891197488495 -84.04165515110921, 331.4339325458385 -83.84896198260907, 332.27496280301443 -83.8301265476749, 332.6757978997874 -84.0222034086983))
/home/bingxing2/ailab/group/ai4astro/Datasets/Astro_SR/origin_fits/hst_skycell-p2248x08y03_acs_wfc_f814w_all_drc.fits.gz:POLYGON ((130.40628892352365 44.014351612183766, 130.3040158103408 44.01522596769934, 130.30511414387442 44.08282749857474, 130.40750812021898 44.08195100594923, 130.40628892352365 44.014351612183766))
/home/bingxing2/ailab/group/ai4astro/Datasets/Astro_SR/origin_fits/hst_10587_74_acs_wfc_f814w_j9em74_drc.fits.gz:POLYGON ((320.51052774554927 12.02402791396382, 320.445248330356 12.02402791245223, 320.44524059696323 12.087569562289415, 320.51053547585707 12.087569563809238, 320.51052774554927 12.02402791396382))
/home/bingxing2/ailab/group/ai4astro/Datasets/Astro_SR/origin_fits/hst_12056_12_acs_wfc_f814w_jbf012_drc.fits.gz:POLYGON ((11.309971670566242 41.8394547602876, 11.199142746694422 41.839454750893445, 11.199071131813508 41.92196858686563, 11.310043260192614 41.92196859628707, 11.309971670566242 41.8394547602876))
/home/bingxing2/ailab/group/ai4astro/Datasets/Astro_SR/origin_fits/hst_skycell-p1935x07y13_acs_wfc_f814w_all_drc.fits.gz:POLYGON ((23.976998670313634 30.411366103693354, 23.745089416831146 30.413268073334056, 23.74688493533287 30.59769427012138, 23.97922758329169 30.595778360569362, 23.976998670313634 30.411366103693354))
/home/bingxing2/ailab/group/ai4astro/Datasets/Astro_SR/origin_fits/hst_skycell-p1356x06y08_acs_wfc_f814w_all_drc.fits.gz:POLYGON ((137.3104026858183 1.3309600932917625, 137.24377790561385 1.330994583714673, 137.24382475540312 1.3928167820531168, 137.31045204347885 1.392780688130785, 137.3104026858183 1.3309600932917625))
/home/bingxing2/ailab/group/ai4astro/Datasets/Astro_SR/origin_fits/hst_skycell-p0717x18y16_acs_wfc_f814w_all_drc.fits.gz:POLYGON ((11.459945848548097 -24.857591746823616, 11.259134282003494 -24.855169806896185, 11.262079847485053 -24.67217918903758, 11.462582373711289 -24.674580549347905, 11.459945848548097 -24.857591746823616))
/home/bingxing2/ailab/group/ai4astro/Datasets/Astro_SR/origin_fits/hst_12064_1t_acs_wfc_f814w_jbew1t_drc.fits.gz:POLYGON ((34.21422870178964 -5.2986966155218225, 34.13046803460211 -5.298696615016177, 34.130473643984665 -5.2152938742469654, 34.2142230934146 -5.215293874744596, 34.21422870178964 -5.2986966155218225))
/home/bingxing2/ailab/group/ai4astro/Datasets/Astro_SR/origin_fits/hst_13028_09_acs_wfc_f814w_jc1d09_drc.fits.gz:POLYGON ((14.925501940126003 32.35991437099914, 14.844835832597834 32.359914374221994, 14.844805534807344 32.42773379393611, 14.925532245524243 32.42773379070481, 14.925501940126003 32.35991437099914))
/home/bingxing2/ailab/group/ai4astro/Datasets/Astro_SR/origin_fits/hst_17308_24_acs_wfc_f814w_jf5624_drc.fits.gz:POLYGON ((23.31829590840366 8.248500452672538, 23.24936057995306 8.248500450974896, 23.249354631337564 8.31640320850914, 23.31830185358986 8.31640321022096, 23.31829590840366 8.248500452672538))
/home/bingxing2/ailab/group/ai4astro/Datasets/Astro_SR/origin_fits/hst_9822_14_acs_wfc_f814w_j8pu14_drc.fits.gz:POLYGON ((150.401193525065 2.343993385254548, 150.33048160317784 2.343993385347786, 150.33047984984708 2.412410030859733, 150.40119527857914 2.4124100307637697, 150.401193525065 2.343993385254548))
/home/bingxing2/ailab/group/ai4astro/Datasets/Astro_SR/origin_fits/hst_skycell-p1017x18y20_acs_wfc_f814w_all_drc.fits.gz:POLYGON ((206.98951144303848 -11.869421608616289, 206.80657424800856 -11.868304144880634, 206.80769450887107 -11.72640880422983, 206.99051983351873 -11.727512315254208, 206.98951144303848 -11.869421608616289))
/home/bingxing2/ailab/group/ai4astro/Datasets/Astro_SR/origin_fits/hst_skycell-p1310x04y19_acs_wfc_f814w_all_drc.fits:POLYGON ((313.6308937491033 -0.1851764978648617, 313.5418063668661 -0.1851844718098296, 313.54168550333253 -0.056536312372428, 313.63076590927164 -0.0565338783150045, 313.6308937491033 -0.1851764978648617))
/home/bingxing2/ailab/group/ai4astro/Datasets/Astro_SR/origin_fits/hst_13856_05_acs_wfc_f814w_jcnu05_drc.fits.gz:POLYGON ((201.508070894644 -41.12481632069271, 201.4276262743444 -41.124816321692045, 201.42766271371627 -41.065274675041124, 201.50803445266894 -41.06527467404387, 201.508070894644 -41.12481632069271))
/home/bingxing2/ailab/group/ai4astro/Datasets/Astro_SR/origin_fits/hst_skycell-p0503x04y04_acs_wfc_f814w_all_drc.fits.gz:POLYGON ((82.05078853785739 -39.593367167700485, 82.00121259927205 -39.5942284777776, 81.99939683940315 -39.52912770170045, 82.04892787208996 -39.52826832856359, 82.05078853785739 -39.593367167700485))
/home/bingxing2/ailab/group/ai4astro/Datasets/Astro_SR/origin_fits/hst_skycell-p0732x06y14_acs_wfc_f814w_all_drc.fits.gz:POLYGON ((80.30271410432285 -25.39890636409687, 80.22085968265618 -25.399591422126143, 80.2200606814787 -25.320696247811725, 80.30186047592535 -25.32001364356721, 80.30271410432285 -25.39890636409687))
/home/bingxing2/ailab/group/ai4astro/Datasets/Astro_SR/origin_fits/hst_skycell-p1099x06y01_acs_wfc_f814w_all_drc.fits:POLYGON ((183.1706055417448 -12.310435210311873, 183.11301487350056 -12.310669607154061, 183.11282427183005 -12.254358178491831, 183.17040487981134 -12.254124869020503, 183.1706055417448 -12.310435210311873))
/home/bingxing2/ailab/group/ai4astro/Datasets/Astro_SR/origin_fits/hst_12440_35_acs_wfc_f814w_jboa35_drc.fits.gz:POLYGON ((150.23720707795698 2.299230549351086, 150.15433484077204 2.299230548520255, 150.15433239335567 2.3819944013584204, 150.23720952368117 2.3819944022192097, 150.23720707795698 2.299230549351086))
/home/bingxing2/ailab/group/ai4astro/Datasets/Astro_SR/origin_fits/hst_16720_46_acs_wfc_f814w_jeom46_drc.fits:POLYGON ((209.48343582077567 -10.893699329095126, 209.42291465675558 -10.893699326417634, 209.4229206378654 -10.834713228748905, 209.4834298450628 -10.834713231411552, 209.48343582077567 -10.893699329095126))
/home/bingxing2/ailab/group/ai4astro/Datasets/Astro_SR/origin_fits/hst_skycell-p0597x15y13_acs_wfc_f814w_all_drc.fits.gz:POLYGON ((178.71840574573042 -33.56267082817905, 178.70678366635465 -33.56255050553891, 178.70709754051637 -33.54182371806889, 178.7187168010085 -33.541943945577735, 178.71840574573042 -33.56267082817905))
/home/bingxing2/ailab/group/ai4astro/Datasets/Astro_SR/origin_fits/hst_13856_16_acs_wfc_f814w_jcnu16_drc.fits.gz:POLYGON ((202.48820179774708 -43.55071228438293, 202.40047220888144 -43.55071228777427, 202.40051766911336 -43.48814286786187, 202.48815632832085 -43.48814286447795, 202.48820179774708 -43.55071228438293))
/home/bingxing2/ailab/group/ai4astro/Datasets/Astro_SR/origin_fits/hst_skycell-p0842x16y03_acs_wfc_f814w_all_drc.fits.gz:POLYGON ((195.76711798320434 -23.963925278863293, 195.70381679406165 -23.9633480640109, 195.70460828209434 -23.886470290506193, 195.7678746822481 -23.887045471873147, 195.76711798320434 -23.963925278863293))
/home/bingxing2/ailab/group/ai4astro/Datasets/Astro_SR/origin_fits/hst_13337_03_acs_wfc_f814w_jcac03_drc.fits.gz:POLYGON ((335.5874697681108 27.724080295004654, 335.48145149061116 27.724080301227044, 335.48141742551394 27.794024707040208, 335.58750384370484 27.79402470079937, 335.5874697681108 27.724080295004654))
/home/bingxing2/ailab/group/ai4astro/Datasets/Astro_SR/origin_fits/hst_skycell-p0426x12y16_acs_wfc_f814w_all_drc.fits.gz:POLYGON ((36.869572249751336 -40.92789261058958, 36.76611852199068 -40.927677247457524, 36.76633990891104 -40.87871805664397, 36.86971539107341 -40.87893304121276, 36.869572249751336 -40.92789261058958))
/home/bingxing2/ailab/group/ai4astro/Datasets/Astro_SR/origin_fits/hst_skycell-p1935x08y14_acs_wfc_f814w_all_drc.fits.gz:POLYGON ((23.75341062025643 30.59198043571029, 23.470125419820132 30.593771793892437, 23.4718240023454 30.837626992834164, 23.755811107685236 30.835818381019042, 23.75341062025643 30.59198043571029))
/home/bingxing2/ailab/group/ai4astro/Datasets/Astro_SR/origin_fits/hst_10092_9k_acs_wfc_f814w_j8xi9k_drc.fits.gz:POLYGON ((149.5342190562754 2.334478134172938, 149.46349371367043 2.334478134422734, 149.46349196826284 2.4028531132881645, 149.53422080217388 2.4028531130310373, 149.5342190562754 2.334478134172938))
/home/bingxing2/ailab/group/ai4astro/Datasets/Astro_SR/origin_fits/hst_13442_79_acs_wfc_f814w_jc9v79_drc.fits.gz:POLYGON ((1.4422382262922866 -28.140726821417868, 1.3557350992831128 -28.140726810459295, 1.3557655755275895 -28.065129620745758, 1.442207774633546 -28.065129631669603, 1.4422382262922866 -28.140726821417868))
/home/bingxing2/ailab/group/ai4astro/Datasets/Astro_SR/origin_fits/hst_skycell-p1741x13y17_acs_wfc_f814w_all_drc.fits.gz:POLYGON ((263.1422156429588 19.518056976608797, 263.083264694729 19.517859915182658, 263.08313737939415 19.55273270080308, 263.1421000959977 19.55293013674709, 263.1422156429588 19.518056976608797))
/home/bingxing2/ailab/group/ai4astro/Datasets/Astro_SR/origin_fits/hst_15857_27_acs_wfc_f814w_je0o27_drc.fits.gz:POLYGON ((138.23845646635297 -64.91406933612551, 138.04858770197202 -64.91406934206009, 138.04887195691254 -64.83348613228377, 138.2381721834819 -64.83348612637084, 138.23845646635297 -64.91406933612551))
/home/bingxing2/ailab/group/ai4astro/Datasets/Astro_SR/origin_fits/hst_skycell-p2160x12y15_acs_wfc_f814w_all_drc.fits.gz:POLYGON ((15.527999056851932 42.83322814842195, 15.452858604301248 42.83297188510023, 15.452772873333313 42.84550217745392, 15.52792832375404 42.845758551563094, 15.527999056851932 42.83322814842195))
/home/bingxing2/ailab/group/ai4astro/Datasets/Astro_SR/origin_fits/hst_12115_09_acs_wfc_f814w_jbft09_drc.fits.gz:POLYGON ((11.089365934312891 41.64326756037258, 10.978800758029378 41.64326755685856, 10.978729776493731 41.725823059648945, 11.089436906432242 41.72582306317313, 11.089365934312891 41.64326756037258))
/home/bingxing2/ailab/group/ai4astro/Datasets/Astro_SR/origin_fits/hst_skycell-p1557x06y11_acs_wfc_f814w_all_drc.fits.gz:POLYGON ((227.83653574860236 9.996423552591446, 227.76135309663277 9.996711202959611, 227.76165631948732 10.075870255265219, 227.83685727715397 10.075580280217837, 227.83653574860236 9.996423552591446))
/home/bingxing2/ailab/group/ai4astro/Datasets/Astro_SR/origin_fits/hst_skycell-p2556x11y01_acs_wfc_f814w_all_drc.fits.gz:POLYGON ((196.67703579988478 67.67521939948371, 196.52885689626967 67.67543687385056, 196.52934356817994 67.74340561271799, 196.6779589327028 67.74318738131986, 196.67703579988478 67.67521939948371))
/home/bingxing2/ailab/group/ai4astro/Datasets/Astro_SR/origin_fits/hst_15938_01_acs_wfc_f814w_je3w01_drc.fits:POLYGON ((11.947348560572399 -26.4204232207697, 11.8764581936697 -26.42042321619897, 11.876477569232826 -26.357298234663187, 11.947329195142007 -26.357298239221283, 11.947348560572399 -26.4204232207697))
/home/bingxing2/ailab/group/ai4astro/Datasets/Astro_SR/origin_fits/hst_skycell-p1240x05y02_acs_wfc_f814w_all_drc.fits.gz:POLYGON ((33.55119868389961 -4.136462659187372, 33.50808026323308 -4.136545497872887, 33.50801132325129 -4.061727536874779, 33.55112777471356 -4.0616461937871575, 33.55119868389961 -4.136462659187372))
/home/bingxing2/ailab/group/ai4astro/Datasets/Astro_SR/origin_fits/hst_skycell-p2290x11y02_acs_wfc_f814w_all_drc.fits.gz:POLYGON ((6.085192558526398 47.81074559517478, 5.88916541415463 47.810723768241736, 5.8888560870370865 47.95043209507325, 6.085430321814604 47.95045403321263, 6.085192558526398 47.81074559517478))
/home/bingxing2/ailab/group/ai4astro/Datasets/Astro_SR/origin_fits/hst_skycell-p0877x04y13_acs_wfc_f814w_all_drc.fits:POLYGON ((348.87740376603864 -21.491692809196394, 348.8103387987017 -21.492371750841258, 348.8096727362807 -21.435500818322648, 348.8767109471342 -21.43482386510961, 348.87740376603864 -21.491692809196394))
/home/bingxing2/ailab/group/ai4astro/Datasets/Astro_SR/origin_fits/hst_skycell-p2511x05y09_acs_wfc_f814w_all_drc.fits.gz:POLYGON ((114.50236505002295 65.48340528256556, 113.91567611175832 65.49671669021268, 113.93012096518923 65.61549605800955, 114.51948915126157 65.60211083316264, 114.50236505002295 65.48340528256556))
/home/bingxing2/ailab/group/ai4astro/Datasets/Astro_SR/origin_fits/hst_11563_59_acs_wfc_f814w_jb5x59_drc.fits.gz:POLYGON ((53.22004705325661 -27.83432912875215, 53.14176808159224 -27.834329129661956, 53.141792853983596 -27.765523598417555, 53.22002227882357 -27.76552359751042, 53.22004705325661 -27.83432912875215))
/home/bingxing2/ailab/group/ai4astro/Datasets/Astro_SR/origin_fits/hst_skycell-p2312x09y11_acs_wfc_f814w_all_drc.fits.gz:POLYGON ((138.76511656275983 49.87833831213267, 138.56862389842462 49.87946531817813, 138.57014589049655 50.00812545376583, 138.76716438227731 50.00699329344885, 138.76511656275983 49.87833831213267))
/home/bingxing2/ailab/group/ai4astro/Datasets/Astro_SR/origin_fits/hst_skycell-p1229x17y15_acs_wfc_f814w_all_drc.fits:POLYGON ((346.54996112003914 -5.127889634690309, 346.4616561053719 -5.127703097517065, 346.46203229202894 -4.981342517698271, 346.5503136552834 -4.981523687950199, 346.54996112003914 -5.127889634690309))
/home/bingxing2/ailab/group/ai4astro/Datasets/Astro_SR/origin_fits/hst_12059_03_acs_wfc_f814w_jbf403_drc.fits.gz:POLYGON ((11.297130532478072 41.99406845901692, 11.18601409350258 41.994068459460465, 11.185941915164404 42.076582295245906, 11.297202712011257 42.076582294801085, 11.297130532478072 41.99406845901692))
/home/bingxing2/ailab/group/ai4astro/Datasets/Astro_SR/origin_fits/hst_14098_81_acs_wfc_f814w_jczp81_drc.fits.gz:POLYGON ((60.96384954398843 15.710901454830582, 60.891623436847674 15.710901452090127, 60.89161133852642 15.778956986115404, 60.96386163672296 15.778956988868368, 60.96384954398843 15.710901454830582))
/home/bingxing2/ailab/group/ai4astro/Datasets/Astro_SR/origin_fits/hst_skycell-p2041x11y03_acs_wfc_f814w_all_drc.fits.gz:POLYGON ((151.71931848929123 31.977918150078622, 151.6865395715918 31.97795001383695, 151.68664302829015 32.0613945322944, 151.71945346476602 32.06136256192119, 151.71931848929123 31.977918150078622))
/home/bingxing2/ailab/group/ai4astro/Datasets/Astro_SR/origin_fits/hst_skycell-p1310x05y19_acs_wfc_f814w_all_drc.fits:POLYGON ((313.5474047122172 -0.1200754964880828, 313.4932829983287 -0.1200785069188238, 313.49322517847594 -0.0565375791215759, 313.5473447987767 -0.0565361618015013, 313.5474047122172 -0.1200754964880828))
/home/bingxing2/ailab/group/ai4astro/Datasets/Astro_SR/origin_fits/hst_17070_74_acs_wfc_f814w_jey374_drc.fits.gz:POLYGON ((56.16300032532863 -44.68540357324892, 56.0743705524249 -44.68540357867837, 56.07441943320935 -44.621389715567986, 56.16295142905452 -44.62138971015065, 56.16300032532863 -44.68540357324892))
/home/bingxing2/ailab/group/ai4astro/Datasets/Astro_SR/origin_fits/hst_skycell-p0185x11y04_acs_wfc_f814w_all_drc.fits.gz:POLYGON ((319.7908410756814 -63.617928836978116, 319.7193311176194 -63.61780715496342, 319.7200352891888 -63.54530774622245, 319.79136583927647 -63.545429050910364, 319.7908410756814 -63.617928836978116))
/home/bingxing2/ailab/group/ai4astro/Datasets/Astro_SR/origin_fits/hst_10119_04_acs_wfc_f814w_j9c004_drc.fits.gz:POLYGON ((189.0926020110135 28.951528035150368, 188.997478277604 28.95152803918449, 188.99743998391193 29.034750218085406, 189.09264031394406 29.03475021403744, 189.0926020110135 28.951528035150368))
/home/bingxing2/ailab/group/ai4astro/Datasets/Astro_SR/origin_fits/hst_10596_02_acs_wfc_f814w_j9ex02_drc.fits.gz:POLYGON ((42.34815133867836 -8.299134365571177, 42.265985372566185 -8.299134362918474, 42.26599382602982 -8.217926064064965, 42.34814289054272 -8.217926066691335, 42.34815133867836 -8.299134365571177))
/home/bingxing2/ailab/group/ai4astro/Datasets/Astro_SR/origin_fits/hst_15936_42_acs_wfc_f814w_je4m42_drc.fits.gz:POLYGON ((342.38086438075135 -44.59481238894197, 342.26520326075183 -44.59481238242652, 342.265284932674 -44.51257632727237, 342.3807827270618 -44.51257633376915, 342.38086438075135 -44.59481238894197))
/home/bingxing2/ailab/group/ai4astro/Datasets/Astro_SR/origin_fits/hst_skycell-p2519x05y08_acs_wfc_f814w_all_drc.fits.gz:POLYGON ((187.79225198900278 65.2760176168944, 187.73547810858736 65.27720402765266, 187.74233763689816 65.33469893739763, 187.7992358256054 65.33350935847999, 187.79225198900278 65.2760176168944))
/home/bingxing2/ailab/group/ai4astro/Datasets/Astro_SR/origin_fits/hst_12440_70_acs_wfc_f814w_jboa70_drc.fits.gz:POLYGON ((150.1325557245346 2.1883811133632944, 150.0508711848593 2.1883811125893864, 150.0508689214371 2.2699227447606622, 150.1325579863805 2.2699227455634343, 150.1325557245346 2.1883811133632944))
/home/bingxing2/ailab/group/ai4astro/Datasets/Astro_SR/origin_fits/hst_13177_05_acs_wfc_f814w_jc6i05_drc.fits.gz:POLYGON ((351.82466080663477 -2.166543979089039, 351.75411039681694 -2.166543978544505, 351.7541120195239 -2.09573844542763, 351.82465918500446 -2.0957384459543626, 351.82466080663477 -2.166543979089039))
/home/bingxing2/ailab/group/ai4astro/Datasets/Astro_SR/origin_fits/hst_16686_01_acs_wfc_f814w_jem601_drc.fits:POLYGON ((18.556350912361747 38.16560475598468, 18.466858941966272 38.16560476167659, 18.466815882804035 38.23564639824793, 18.556393985962398 38.23564639254169, 18.556350912361747 38.16560475598468))
/home/bingxing2/ailab/group/ai4astro/Datasets/Astro_SR/origin_fits/hst_10092_1r_acs_wfc_f814w_j8xi1r_drc.fits.gz:POLYGON ((149.71928597528873 2.463883795068058, 149.64856784141628 2.4638837953364496, 149.6485660007258 2.5322587742045632, 149.7192878165064 2.532258773928712, 149.71928597528873 2.463883795068058))
/home/bingxing2/ailab/group/ai4astro/Datasets/Astro_SR/origin_fits/hst_skycell-p1162x17y18_acs_wfc_f814w_all_drc.fits.gz:POLYGON ((75.45554675660651 -4.305936972021034, 75.299944881796 -4.3056367632281045, 75.30017978204323 -4.223031932081966, 75.455758155848 -4.223326334471851, 75.45554675660651 -4.305936972021034))
/home/bingxing2/ailab/group/ai4astro/Datasets/Astro_SR/origin_fits/hst_skycell-p0836x05y20_acs_wfc_f814w_all_drc.fits.gz:POLYGON ((173.01869755684078 -19.958995492837577, 172.90119480246287 -19.960003387673147, 172.8995742125997 -19.80172806025143, 173.01694778546107 -19.800729037739508, 173.01869755684078 -19.958995492837577))
/home/bingxing2/ailab/group/ai4astro/Datasets/Astro_SR/origin_fits/hst_skycell-p0074x09y02_acs_wfc_f814w_all_drc.fits.gz:POLYGON ((12.861873403923205 -72.25250758003578, 12.72714812316201 -72.25379508406736, 12.703733657107303 -72.01154088422025, 12.836726378054948 -72.01027148540282, 12.861873403923205 -72.25250758003578))
/home/bingxing2/ailab/group/ai4astro/Datasets/Astro_SR/origin_fits/hst_skycell-p2054x16y15_acs_wfc_f814w_all_drc.fits.gz:POLYGON ((211.83552376518657 35.026581253146155, 211.75584588873966 35.02569073886231, 211.75511265156123 35.06954070908935, 211.8348321670685 35.07043264908515, 211.83552376518657 35.026581253146155))
/home/bingxing2/ailab/group/ai4astro/Datasets/Astro_SR/origin_fits/hst_9492_07_acs_wfc_f814w_j8d707_drc.fits.gz:POLYGON ((169.6313198309805 -32.8185649802362, 169.548322777178 -32.81856497114732, 169.54835569367663 -32.747995554131684, 169.63128693632785 -32.74799556319602, 169.6313198309805 -32.8185649802362))
/home/bingxing2/ailab/group/ai4astro/Datasets/Astro_SR/origin_fits/hst_skycell-p0253x07y12_acs_wfc_f814w_all_drc.fits.gz:POLYGON ((86.76143867842697 -53.826018496608754, 86.5501932798986 -53.82876815958172, 86.54558500869564 -53.696368864022084, 86.7561640207685 -53.69363254482123, 86.76143867842697 -53.826018496608754))
/home/bingxing2/ailab/group/ai4astro/Datasets/Astro_SR/origin_fits/hst_12788_a3_acs_wfc_f814w_jbzqa3_drc.fits.gz:POLYGON ((67.43511304135092 -2.9241668246700914, 67.36357547307985 -2.924166824303117, 67.36357772896507 -2.852555736472212, 67.43511078619328 -2.852555736830203, 67.43511304135092 -2.9241668246700914))
/home/bingxing2/ailab/group/ai4astro/Datasets/Astro_SR/origin_fits/hst_skycell-p1362x07y19_acs_wfc_f814w_all_drc.fits:POLYGON ((161.0738799108796 3.8776144133344306, 161.07325681437848 3.8776152011568503, 161.07329428067342 3.9347640777481545, 161.07391739891602 3.934763278331453, 161.0738799108796 3.8776144133344306))
/home/bingxing2/ailab/group/ai4astro/Datasets/Astro_SR/origin_fits/hst_skycell-p0042x17y08_acs_wfc_f814w_all_drc.fits.gz:POLYGON ((284.4256276262338 -78.52137186139154, 284.12584230127345 -78.51403269556621, 284.13507515820373 -78.49934268510671, 284.43448919595716 -78.50667225379136, 284.4256276262338 -78.52137186139154))
/home/bingxing2/ailab/group/ai4astro/Datasets/Astro_SR/origin_fits/hst_10092_ap_acs_wfc_f814w_j8xiap_drc.fits.gz:POLYGON ((149.55496850071503 2.762566960660901, 149.48426134913592 2.7625669610437664, 149.48425928800276 2.830955828798147, 149.55497056259975 2.830955828405795, 149.55496850071503 2.762566960660901))
/home/bingxing2/ailab/group/ai4astro/Datasets/Astro_SR/origin_fits/hst_9761_04_acs_wfc_f814w_j8qx04_drc.fits.gz:POLYGON ((249.27815549656827 40.903318240537736, 249.19588602915783 40.90331824264642, 249.1958474875634 40.965193220674195, 249.27819404372386 40.9651932185609, 249.27815549656827 40.903318240537736))
/home/bingxing2/ailab/group/ai4astro/Datasets/Astro_SR/origin_fits/hst_skycell-p0080x11y13_acs_wfc_f814w_all_drc.fits.gz:POLYGON ((76.37778670154556 -69.50080094755805, 76.01832152913828 -69.50046018448994, 76.01996386248837 -69.39842703312934, 76.37771940026754 -69.39876594336708, 76.37778670154556 -69.50080094755805))
